# transform file /usr/local/freesurfer/subjects/3806/mri/transforms/cc_up.lta
# created by ubuntu on Fri Jan 12 11:58:24 2018

type      = 0 # LINEAR_VOX_TO_VOX
nxforms   = 1
mean      = 128.0000 105.0000 113.0000
sigma     = 10000.0000
1 4 4
9.994447231292725e-01 1.210418157279491e-02 -3.104496933519840e-02 2.938950538635254e+00 
-1.209834590554237e-02 9.999267458915710e-01 3.758014645427465e-04 3.450691604614258e+01 
3.104724362492561e-02 0.000000000000000e+00 9.995179772377014e-01 2.110108757019043e+01 
0.000000000000000e+00 0.000000000000000e+00 0.000000000000000e+00 1.000000000000000e+00 
src volume info
valid = 1  # volume info valid
filename = /usr/local/freesurfer/subjects/3806/mri/norm.mgz
volume = 256 256 256
voxelsize = 1.000000000000000e+00 1.000000000000000e+00 1.000000000000000e+00
xras   = -1.000000000000000e+00 0.000000000000000e+00 0.000000000000000e+00
yras   = 0.000000000000000e+00 0.000000000000000e+00 -1.000000000000000e+00
zras   = 0.000000000000000e+00 1.000000000000000e+00 0.000000000000000e+00
cras   = 2.200413818359375e+02 2.725000000000000e+02 4.998377685546875e+02
dst volume info
valid = 1  # volume info valid
filename = /usr/local/freesurfer/subjects/3806/mri/norm.mgz
volume = 256 256 256
voxelsize = 1.000000000000000e+00 1.000000000000000e+00 1.000000000000000e+00
xras   = -1.000000000000000e+00 0.000000000000000e+00 0.000000000000000e+00
yras   = 0.000000000000000e+00 0.000000000000000e+00 -1.000000000000000e+00
zras   = 0.000000000000000e+00 1.000000000000000e+00 0.000000000000000e+00
cras   = 2.200413818359375e+02 2.725000000000000e+02 4.998377685546875e+02
