# transform file /usr/local/freesurfer/subjects/3827/mri/transforms/cc_up.lta
# created by ubuntu on Sat Jan 13 03:34:33 2018

type      = 0 # LINEAR_VOX_TO_VOX
nxforms   = 1
mean      = 130.0000 98.0000 120.0000
sigma     = 10000.0000
1 4 4
9.983945488929749e-01 -5.162821710109711e-02 -2.330325730144978e-02 7.729574203491211e+00 
5.161415785551071e-02 9.986664652824402e-01 -1.204711967147887e-03 4.562916946411133e+01 
2.333437651395798e-02 -1.164153357047226e-10 9.997277855873108e-01 2.004538154602051e+01 
0.000000000000000e+00 0.000000000000000e+00 0.000000000000000e+00 1.000000000000000e+00 
src volume info
valid = 1  # volume info valid
filename = /usr/local/freesurfer/subjects/3827/mri/norm.mgz
volume = 256 256 256
voxelsize = 1.000000000000000e+00 1.000000000000000e+00 1.000000000000000e+00
xras   = -1.000000000000000e+00 0.000000000000000e+00 0.000000000000000e+00
yras   = 0.000000000000000e+00 0.000000000000000e+00 -1.000000000000000e+00
zras   = 0.000000000000000e+00 1.000000000000000e+00 0.000000000000000e+00
cras   = 2.154369812011719e+02 2.849028320312500e+02 4.984993286132812e+02
dst volume info
valid = 1  # volume info valid
filename = /usr/local/freesurfer/subjects/3827/mri/norm.mgz
volume = 256 256 256
voxelsize = 1.000000000000000e+00 1.000000000000000e+00 1.000000000000000e+00
xras   = -1.000000000000000e+00 0.000000000000000e+00 0.000000000000000e+00
yras   = 0.000000000000000e+00 0.000000000000000e+00 -1.000000000000000e+00
zras   = 0.000000000000000e+00 1.000000000000000e+00 0.000000000000000e+00
cras   = 2.154369812011719e+02 2.849028320312500e+02 4.984993286132812e+02
