# transform file /usr/local/freesurfer/subjects/3435/mri/transforms/cc_up.lta
# created by ubuntu on Fri Jan  5 03:57:44 2018

type      = 0 # LINEAR_VOX_TO_VOX
nxforms   = 1
mean      = 128.0000 123.0000 123.0000
sigma     = 10000.0000
1 4 4
9.988215565681458e-01 -1.868566498160362e-02 -4.479210823774338e-02 7.377413272857666e+00 
1.866690441966057e-02 9.998254179954529e-01 -8.371165022253990e-04 3.272945785522461e+01 
4.479993134737015e-02 0.000000000000000e+00 9.989959597587585e-01 1.940827941894531e+01 
0.000000000000000e+00 0.000000000000000e+00 0.000000000000000e+00 1.000000000000000e+00 
src volume info
valid = 1  # volume info valid
filename = /usr/local/freesurfer/subjects/3435/mri/norm.mgz
volume = 256 256 256
voxelsize = 1.000000000000000e+00 1.000000000000000e+00 1.000000000000000e+00
xras   = -1.000000000000000e+00 0.000000000000000e+00 0.000000000000000e+00
yras   = 0.000000000000000e+00 0.000000000000000e+00 -1.000000000000000e+00
zras   = 0.000000000000000e+00 1.000000000000000e+00 0.000000000000000e+00
cras   = 2.033110198974609e+02 3.029205322265625e+02 5.208480834960938e+02
dst volume info
valid = 1  # volume info valid
filename = /usr/local/freesurfer/subjects/3435/mri/norm.mgz
volume = 256 256 256
voxelsize = 1.000000000000000e+00 1.000000000000000e+00 1.000000000000000e+00
xras   = -1.000000000000000e+00 0.000000000000000e+00 0.000000000000000e+00
yras   = 0.000000000000000e+00 0.000000000000000e+00 -1.000000000000000e+00
zras   = 0.000000000000000e+00 1.000000000000000e+00 0.000000000000000e+00
cras   = 2.033110198974609e+02 3.029205322265625e+02 5.208480834960938e+02
