# transform file /usr/local/freesurfer/subjects/3959/mri/transforms/cc_up.lta
# created by ubuntu on Thu Jan 18 12:03:40 2018

type      = 0 # LINEAR_VOX_TO_VOX
nxforms   = 1
mean      = 131.0000 109.0000 116.0000
sigma     = 10000.0000
1 4 4
9.991251230239868e-01 -1.719426130875945e-03 4.178487509489059e-02 -4.845875263214111e+00 
1.717924373224378e-03 9.999985098838806e-01 7.184611604316160e-05 2.476970863342285e+01 
-4.178493469953537e-02 -7.275957614183426e-12 9.991266131401062e-01 3.451850128173828e+01 
0.000000000000000e+00 0.000000000000000e+00 0.000000000000000e+00 1.000000000000000e+00 
src volume info
valid = 1  # volume info valid
filename = /usr/local/freesurfer/subjects/3959/mri/norm.mgz
volume = 256 256 256
voxelsize = 1.000000000000000e+00 1.000000000000000e+00 1.000000000000000e+00
xras   = -1.000000000000000e+00 0.000000000000000e+00 0.000000000000000e+00
yras   = 0.000000000000000e+00 0.000000000000000e+00 -1.000000000000000e+00
zras   = 0.000000000000000e+00 1.000000000000000e+00 0.000000000000000e+00
cras   = 2.399969482421875e+02 2.861284790039062e+02 5.271170043945312e+02
dst volume info
valid = 1  # volume info valid
filename = /usr/local/freesurfer/subjects/3959/mri/norm.mgz
volume = 256 256 256
voxelsize = 1.000000000000000e+00 1.000000000000000e+00 1.000000000000000e+00
xras   = -1.000000000000000e+00 0.000000000000000e+00 0.000000000000000e+00
yras   = 0.000000000000000e+00 0.000000000000000e+00 -1.000000000000000e+00
zras   = 0.000000000000000e+00 1.000000000000000e+00 0.000000000000000e+00
cras   = 2.399969482421875e+02 2.861284790039062e+02 5.271170043945312e+02
