# transform file /usr/local/freesurfer/subjects/3593/mri/transforms/cc_up.lta
# created by ubuntu on Fri Jan 19 15:09:56 2018

type      = 0 # LINEAR_VOX_TO_VOX
nxforms   = 1
mean      = 128.0000 128.0000 113.0000
sigma     = 10000.0000
1 4 4
9.986686706542969e-01 4.962757974863052e-02 1.407883781939745e-02 -7.411477088928223e+00 
-4.962265118956566e-02 9.987679123878479e-01 -6.995605654083192e-04 3.060013389587402e+01 
-1.409620791673660e-02 0.000000000000000e+00 9.999007582664490e-01 2.882844924926758e+01 
0.000000000000000e+00 0.000000000000000e+00 0.000000000000000e+00 1.000000000000000e+00 
src volume info
valid = 1  # volume info valid
filename = /usr/local/freesurfer/subjects/3593/mri/norm.mgz
volume = 256 256 256
voxelsize = 1.000000000000000e+00 1.000000000000000e+00 1.000000000000000e+00
xras   = -1.000000000000000e+00 0.000000000000000e+00 0.000000000000000e+00
yras   = 0.000000000000000e+00 0.000000000000000e+00 -1.000000000000000e+00
zras   = 0.000000000000000e+00 1.000000000000000e+00 0.000000000000000e+00
cras   = 2.017626953125000e+02 2.684321899414062e+02 5.236610107421875e+02
dst volume info
valid = 1  # volume info valid
filename = /usr/local/freesurfer/subjects/3593/mri/norm.mgz
volume = 256 256 256
voxelsize = 1.000000000000000e+00 1.000000000000000e+00 1.000000000000000e+00
xras   = -1.000000000000000e+00 0.000000000000000e+00 0.000000000000000e+00
yras   = 0.000000000000000e+00 0.000000000000000e+00 -1.000000000000000e+00
zras   = 0.000000000000000e+00 1.000000000000000e+00 0.000000000000000e+00
cras   = 2.017626953125000e+02 2.684321899414062e+02 5.236610107421875e+02
