# transform file /usr/local/freesurfer/subjects/4136/mri/transforms/cc_up.lta
# created by ubuntu on Wed Jan 17 05:28:38 2018

type      = 0 # LINEAR_VOX_TO_VOX
nxforms   = 1
mean      = 130.0000 112.0000 113.0000
sigma     = 10000.0000
1 4 4
9.991172552108765e-01 4.107542708516121e-02 -8.808705024421215e-03 -5.952689170837402e+00 
-4.107382893562317e-02 9.991561174392700e-01 3.621269133873284e-04 4.238883590698242e+01 
8.816145360469818e-03 0.000000000000000e+00 9.999611377716064e-01 2.385581398010254e+01 
0.000000000000000e+00 0.000000000000000e+00 0.000000000000000e+00 1.000000000000000e+00 
src volume info
valid = 1  # volume info valid
filename = /usr/local/freesurfer/subjects/4136/mri/norm.mgz
volume = 256 256 256
voxelsize = 1.000000000000000e+00 1.000000000000000e+00 1.000000000000000e+00
xras   = -1.000000000000000e+00 0.000000000000000e+00 0.000000000000000e+00
yras   = 0.000000000000000e+00 0.000000000000000e+00 -1.000000000000000e+00
zras   = 0.000000000000000e+00 1.000000000000000e+00 0.000000000000000e+00
cras   = 2.216870117187500e+02 2.768251037597656e+02 5.113064575195312e+02
dst volume info
valid = 1  # volume info valid
filename = /usr/local/freesurfer/subjects/4136/mri/norm.mgz
volume = 256 256 256
voxelsize = 1.000000000000000e+00 1.000000000000000e+00 1.000000000000000e+00
xras   = -1.000000000000000e+00 0.000000000000000e+00 0.000000000000000e+00
yras   = 0.000000000000000e+00 0.000000000000000e+00 -1.000000000000000e+00
zras   = 0.000000000000000e+00 1.000000000000000e+00 0.000000000000000e+00
cras   = 2.216870117187500e+02 2.768251037597656e+02 5.113064575195312e+02
