# transform file /usr/local/freesurfer/subjects/3383/mri/transforms/cc_up.lta
# created by ubuntu on Thu Jan  4 05:40:28 2018

type      = 0 # LINEAR_VOX_TO_VOX
nxforms   = 1
mean      = 128.0000 132.0000 110.0000
sigma     = 10000.0000
1 4 4
9.982395172119141e-01 -5.868370831012726e-02 -8.597584441304207e-03 1.117848014831543e+01 
5.868153274059296e-02 9.982765316963196e-01 -5.054092034697533e-04 8.880512237548828e+00 
8.612426929175854e-03 0.000000000000000e+00 9.999628663063049e-01 3.492336273193359e+01 
0.000000000000000e+00 0.000000000000000e+00 0.000000000000000e+00 1.000000000000000e+00 
src volume info
valid = 1  # volume info valid
filename = /usr/local/freesurfer/subjects/3383/mri/norm.mgz
volume = 256 256 256
voxelsize = 1.000000000000000e+00 1.000000000000000e+00 1.000000000000000e+00
xras   = -1.000000000000000e+00 0.000000000000000e+00 0.000000000000000e+00
yras   = 0.000000000000000e+00 0.000000000000000e+00 -1.000000000000000e+00
zras   = 0.000000000000000e+00 1.000000000000000e+00 0.000000000000000e+00
cras   = 2.141469116210938e+02 2.783907775878906e+02 5.290697021484375e+02
dst volume info
valid = 1  # volume info valid
filename = /usr/local/freesurfer/subjects/3383/mri/norm.mgz
volume = 256 256 256
voxelsize = 1.000000000000000e+00 1.000000000000000e+00 1.000000000000000e+00
xras   = -1.000000000000000e+00 0.000000000000000e+00 0.000000000000000e+00
yras   = 0.000000000000000e+00 0.000000000000000e+00 -1.000000000000000e+00
zras   = 0.000000000000000e+00 1.000000000000000e+00 0.000000000000000e+00
cras   = 2.141469116210938e+02 2.783907775878906e+02 5.290697021484375e+02
