# transform file /usr/local/freesurfer/subjects/3172/mri/transforms/cc_up.lta
# created by ubuntu on Mon Jan  1 04:59:36 2018

type      = 0 # LINEAR_VOX_TO_VOX
nxforms   = 1
mean      = 130.0000 110.0000 123.0000
sigma     = 10000.0000
1 4 4
9.980749487876892e-01 -3.892769291996956e-02 -4.828310757875443e-02 9.754144668579102e+00 
3.888222202658653e-02 9.992421865463257e-01 -1.880975556559861e-03 2.628093719482422e+01 
4.831973090767860e-02 1.164153357047226e-10 9.988319873809814e-01 2.392954444885254e+01 
0.000000000000000e+00 0.000000000000000e+00 0.000000000000000e+00 1.000000000000000e+00 
src volume info
valid = 1  # volume info valid
filename = /usr/local/freesurfer/subjects/3172/mri/norm.mgz
volume = 256 256 256
voxelsize = 1.000000000000000e+00 1.000000000000000e+00 1.000000000000000e+00
xras   = -1.000000000000000e+00 0.000000000000000e+00 0.000000000000000e+00
yras   = 0.000000000000000e+00 0.000000000000000e+00 -1.000000000000000e+00
zras   = 0.000000000000000e+00 1.000000000000000e+00 0.000000000000000e+00
cras   = 2.152074279785156e+02 2.754954223632812e+02 4.716102905273438e+02
dst volume info
valid = 1  # volume info valid
filename = /usr/local/freesurfer/subjects/3172/mri/norm.mgz
volume = 256 256 256
voxelsize = 1.000000000000000e+00 1.000000000000000e+00 1.000000000000000e+00
xras   = -1.000000000000000e+00 0.000000000000000e+00 0.000000000000000e+00
yras   = 0.000000000000000e+00 0.000000000000000e+00 -1.000000000000000e+00
zras   = 0.000000000000000e+00 1.000000000000000e+00 0.000000000000000e+00
cras   = 2.152074279785156e+02 2.754954223632812e+02 4.716102905273438e+02
