# transform file /usr/local/freesurfer/subjects/3519/mri/transforms/cc_up.lta
# created by ubuntu on Tue Jan  9 04:24:34 2018

type      = 0 # LINEAR_VOX_TO_VOX
nxforms   = 1
mean      = 130.0000 136.0000 118.0000
sigma     = 10000.0000
1 4 4
9.997617006301880e-01 7.251540198922157e-03 2.059044316411018e-02 -5.979201793670654e+00 
-7.250002585351467e-03 9.999737143516541e-01 -1.493163581471890e-04 5.968350410461426e+00 
-2.059098333120346e-02 1.455191522836685e-11 9.997879862785339e-01 3.172005653381348e+01 
0.000000000000000e+00 0.000000000000000e+00 0.000000000000000e+00 1.000000000000000e+00 
src volume info
valid = 1  # volume info valid
filename = /usr/local/freesurfer/subjects/3519/mri/norm.mgz
volume = 256 256 256
voxelsize = 1.000000000000000e+00 1.000000000000000e+00 1.000000000000000e+00
xras   = -9.999999403953552e-01 0.000000000000000e+00 0.000000000000000e+00
yras   = 0.000000000000000e+00 0.000000000000000e+00 -1.000000000000000e+00
zras   = 0.000000000000000e+00 1.000000000000000e+00 0.000000000000000e+00
cras   = 2.504825286865234e+02 2.926661987304688e+02 5.586714477539062e+02
dst volume info
valid = 1  # volume info valid
filename = /usr/local/freesurfer/subjects/3519/mri/norm.mgz
volume = 256 256 256
voxelsize = 1.000000000000000e+00 1.000000000000000e+00 1.000000000000000e+00
xras   = -9.999999403953552e-01 0.000000000000000e+00 0.000000000000000e+00
yras   = 0.000000000000000e+00 0.000000000000000e+00 -1.000000000000000e+00
zras   = 0.000000000000000e+00 1.000000000000000e+00 0.000000000000000e+00
cras   = 2.504825286865234e+02 2.926661987304688e+02 5.586714477539062e+02
