# transform file transforms/talairach_with_skull.lta
# created by ubuntu on Mon Jan  8 20:12:50 2018

type      = 0 # LINEAR_VOX_TO_VOX
nxforms   = 1
mean      = 135.0000 151.0000 132.0000
sigma     = 10000.0000
1 4 4
1.031706929206848e+00 -2.618944970890880e-03 2.899215556681156e-02 -1.235593128204346e+01 
-1.970315584912896e-03 1.114945173263550e+00 1.692256331443787e-01 -4.381271743774414e+01 
-3.382527455687523e-02 -1.429661065340042e-01 8.784276843070984e-01 3.020713233947754e+01 
0.000000000000000e+00 0.000000000000000e+00 0.000000000000000e+00 1.000000000000000e+00 
src volume info
valid = 1  # volume info valid
filename = nu.mgz
volume = 256 256 256
voxelsize = 1.000000000000000e+00 1.000000000000000e+00 1.000000000000000e+00
xras   = -9.999999403953552e-01 0.000000000000000e+00 0.000000000000000e+00
yras   = 0.000000000000000e+00 0.000000000000000e+00 -1.000000000000000e+00
zras   = 0.000000000000000e+00 1.000000000000000e+00 0.000000000000000e+00
cras   = 2.504825286865234e+02 2.926661987304688e+02 5.586714477539062e+02
dst volume info
valid = 1  # volume info valid
filename = /usr/local/freesurfer/average/RB_all_withskull_2016-05-10.vc700.gca
volume = 256 256 256
voxelsize = 1.000000000000000e+00 1.000000000000000e+00 1.000000000000000e+00
xras   = -1.000000000000000e+00 0.000000000000000e+00 0.000000000000000e+00
yras   = 0.000000000000000e+00 0.000000000000000e+00 -1.000000000000000e+00
zras   = 0.000000000000000e+00 1.000000000000000e+00 0.000000000000000e+00
cras   = 0.000000000000000e+00 0.000000000000000e+00 0.000000000000000e+00
