# transform file /usr/local/freesurfer/subjects/3592/mri/transforms/cc_up.lta
# created by ubuntu on Fri Jan 19 15:50:25 2018

type      = 0 # LINEAR_VOX_TO_VOX
nxforms   = 1
mean      = 129.0000 118.0000 106.0000
sigma     = 10000.0000
1 4 4
9.973207116127014e-01 -4.109545052051544e-02 6.052057072520256e-02 6.124436855316162e-02 
4.101999476552010e-02 9.991553425788879e-01 2.489222912117839e-03 2.565584564208984e+01 
-6.057174131274223e-02 0.000000000000000e+00 9.981639385223389e-01 4.885235214233398e+01 
0.000000000000000e+00 0.000000000000000e+00 0.000000000000000e+00 1.000000000000000e+00 
src volume info
valid = 1  # volume info valid
filename = /usr/local/freesurfer/subjects/3592/mri/norm.mgz
volume = 256 256 256
voxelsize = 1.000000000000000e+00 1.000000000000000e+00 1.000000000000000e+00
xras   = -1.000000000000000e+00 0.000000000000000e+00 0.000000000000000e+00
yras   = 0.000000000000000e+00 0.000000000000000e+00 -1.000000000000000e+00
zras   = 0.000000000000000e+00 1.000000000000000e+00 0.000000000000000e+00
cras   = 2.024406738281250e+02 2.845000000000000e+02 5.502523193359375e+02
dst volume info
valid = 1  # volume info valid
filename = /usr/local/freesurfer/subjects/3592/mri/norm.mgz
volume = 256 256 256
voxelsize = 1.000000000000000e+00 1.000000000000000e+00 1.000000000000000e+00
xras   = -1.000000000000000e+00 0.000000000000000e+00 0.000000000000000e+00
yras   = 0.000000000000000e+00 0.000000000000000e+00 -1.000000000000000e+00
zras   = 0.000000000000000e+00 1.000000000000000e+00 0.000000000000000e+00
cras   = 2.024406738281250e+02 2.845000000000000e+02 5.502523193359375e+02
