# transform file /usr/local/freesurfer/subjects/3436/mri/transforms/cc_up.lta
# created by ubuntu on Fri Jan  5 04:31:08 2018

type      = 0 # LINEAR_VOX_TO_VOX
nxforms   = 1
mean      = 130.0000 127.0000 110.0000
sigma     = 10000.0000
1 4 4
9.938613176345825e-01 1.764851808547974e-02 1.092166230082512e-01 -1.478014850616455e+01 
-1.754291169345379e-02 9.998442530632019e-01 -1.927811768837273e-03 2.052076911926270e+01 
-1.092336326837540e-01 0.000000000000000e+00 9.940161108970642e-01 5.103543090820312e+01 
0.000000000000000e+00 0.000000000000000e+00 0.000000000000000e+00 1.000000000000000e+00 
src volume info
valid = 1  # volume info valid
filename = /usr/local/freesurfer/subjects/3436/mri/norm.mgz
volume = 256 256 256
voxelsize = 1.000000000000000e+00 1.000000000000000e+00 1.000000000000000e+00
xras   = -1.000000000000000e+00 0.000000000000000e+00 0.000000000000000e+00
yras   = 0.000000000000000e+00 0.000000000000000e+00 -1.000000000000000e+00
zras   = 0.000000000000000e+00 1.000000000000000e+00 0.000000000000000e+00
cras   = 1.902630004882812e+02 3.121217041015625e+02 5.255310668945312e+02
dst volume info
valid = 1  # volume info valid
filename = /usr/local/freesurfer/subjects/3436/mri/norm.mgz
volume = 256 256 256
voxelsize = 1.000000000000000e+00 1.000000000000000e+00 1.000000000000000e+00
xras   = -1.000000000000000e+00 0.000000000000000e+00 0.000000000000000e+00
yras   = 0.000000000000000e+00 0.000000000000000e+00 -1.000000000000000e+00
zras   = 0.000000000000000e+00 1.000000000000000e+00 0.000000000000000e+00
cras   = 1.902630004882812e+02 3.121217041015625e+02 5.255310668945312e+02
