# transform file /usr/local/freesurfer/subjects/3290/mri/transforms/cc_up.lta
# created by ubuntu on Tue Jan  2 09:03:53 2018

type      = 0 # LINEAR_VOX_TO_VOX
nxforms   = 1
mean      = 130.0000 126.0000 107.0000
sigma     = 10000.0000
1 4 4
9.989748597145081e-01 2.924917079508305e-02 -3.455301001667976e-02 -8.625375628471375e-01 
-2.923168987035751e-02 9.995722174644470e-01 1.011079293675721e-03 3.172793769836426e+01 
3.456780314445496e-02 0.000000000000000e+00 9.994024634361267e-01 3.258773422241211e+01 
0.000000000000000e+00 0.000000000000000e+00 0.000000000000000e+00 1.000000000000000e+00 
src volume info
valid = 1  # volume info valid
filename = /usr/local/freesurfer/subjects/3290/mri/norm.mgz
volume = 256 256 256
voxelsize = 1.000000000000000e+00 1.000000000000000e+00 1.000000000000000e+00
xras   = -1.000000000000000e+00 0.000000000000000e+00 0.000000000000000e+00
yras   = 0.000000000000000e+00 0.000000000000000e+00 -1.000000000000000e+00
zras   = 0.000000000000000e+00 1.000000000000000e+00 0.000000000000000e+00
cras   = 1.991549530029297e+02 2.907359008789062e+02 5.425347900390625e+02
dst volume info
valid = 1  # volume info valid
filename = /usr/local/freesurfer/subjects/3290/mri/norm.mgz
volume = 256 256 256
voxelsize = 1.000000000000000e+00 1.000000000000000e+00 1.000000000000000e+00
xras   = -1.000000000000000e+00 0.000000000000000e+00 0.000000000000000e+00
yras   = 0.000000000000000e+00 0.000000000000000e+00 -1.000000000000000e+00
zras   = 0.000000000000000e+00 1.000000000000000e+00 0.000000000000000e+00
cras   = 1.991549530029297e+02 2.907359008789062e+02 5.425347900390625e+02
