# transform file /usr/local/freesurfer/subjects/3809/mri/transforms/cc_up.lta
# created by ubuntu on Fri Jan 12 12:38:08 2018

type      = 0 # LINEAR_VOX_TO_VOX
nxforms   = 1
mean      = 130.0000 97.0000 115.0000
sigma     = 10000.0000
1 4 4
9.994314312934875e-01 1.217345520853996e-02 -3.144359216094017e-02 7.861047387123108e-01 
-1.216743513941765e-02 9.999259710311890e-01 3.828055050689727e-04 5.654334259033203e+01 
3.144592419266701e-02 0.000000000000000e+00 9.995055198669434e-01 1.196991634368896e+01 
0.000000000000000e+00 0.000000000000000e+00 0.000000000000000e+00 1.000000000000000e+00 
src volume info
valid = 1  # volume info valid
filename = /usr/local/freesurfer/subjects/3809/mri/norm.mgz
volume = 256 256 256
voxelsize = 1.000000000000000e+00 1.000000000000000e+00 1.000000000000000e+00
xras   = -1.000000000000000e+00 0.000000000000000e+00 0.000000000000000e+00
yras   = 0.000000000000000e+00 0.000000000000000e+00 -1.000000000000000e+00
zras   = 0.000000000000000e+00 1.000000000000000e+00 0.000000000000000e+00
cras   = 2.071742858886719e+02 2.698088684082031e+02 5.112391967773438e+02
dst volume info
valid = 1  # volume info valid
filename = /usr/local/freesurfer/subjects/3809/mri/norm.mgz
volume = 256 256 256
voxelsize = 1.000000000000000e+00 1.000000000000000e+00 1.000000000000000e+00
xras   = -1.000000000000000e+00 0.000000000000000e+00 0.000000000000000e+00
yras   = 0.000000000000000e+00 0.000000000000000e+00 -1.000000000000000e+00
zras   = 0.000000000000000e+00 1.000000000000000e+00 0.000000000000000e+00
cras   = 2.071742858886719e+02 2.698088684082031e+02 5.112391967773438e+02
