# transform file /usr/local/freesurfer/subjects/3386/mri/transforms/cc_up.lta
# created by ubuntu on Thu Jan  4 05:11:29 2018

type      = 0 # LINEAR_VOX_TO_VOX
nxforms   = 1
mean      = 130.0000 137.0000 120.0000
sigma     = 10000.0000
1 4 4
9.998851418495178e-01 8.145329542458057e-03 1.278795488178730e-02 -3.177470684051514e+00 
-8.144663646817207e-03 9.999669194221497e-01 -1.041655559674837e-04 9.064527511596680e+00 
-1.278837863355875e-02 0.000000000000000e+00 9.999182820320129e-01 3.465746307373047e+01 
0.000000000000000e+00 0.000000000000000e+00 0.000000000000000e+00 1.000000000000000e+00 
src volume info
valid = 1  # volume info valid
filename = /usr/local/freesurfer/subjects/3386/mri/norm.mgz
volume = 256 256 256
voxelsize = 1.000000000000000e+00 1.000000000000000e+00 1.000000000000000e+00
xras   = -1.000000000000000e+00 0.000000000000000e+00 0.000000000000000e+00
yras   = 0.000000000000000e+00 0.000000000000000e+00 -1.000000000000000e+00
zras   = 0.000000000000000e+00 1.000000000000000e+00 0.000000000000000e+00
cras   = 1.913682250976562e+02 2.803775939941406e+02 5.155964355468750e+02
dst volume info
valid = 1  # volume info valid
filename = /usr/local/freesurfer/subjects/3386/mri/norm.mgz
volume = 256 256 256
voxelsize = 1.000000000000000e+00 1.000000000000000e+00 1.000000000000000e+00
xras   = -1.000000000000000e+00 0.000000000000000e+00 0.000000000000000e+00
yras   = 0.000000000000000e+00 0.000000000000000e+00 -1.000000000000000e+00
zras   = 0.000000000000000e+00 1.000000000000000e+00 0.000000000000000e+00
cras   = 1.913682250976562e+02 2.803775939941406e+02 5.155964355468750e+02
