# transform file /usr/local/freesurfer/subjects/3950/mri/transforms/cc_up.lta
# created by ubuntu on Sun Jan 14 07:31:25 2018

type      = 0 # LINEAR_VOX_TO_VOX
nxforms   = 1
mean      = 129.0000 101.0000 117.0000
sigma     = 10000.0000
1 4 4
9.987875819206238e-01 -4.731281101703644e-02 1.359148882329464e-02 4.270806789398193e+00 
4.730843380093575e-02 9.988800883293152e-01 6.437726551666856e-04 3.804529190063477e+01 
-1.360672712326050e-02 0.000000000000000e+00 9.999073743820190e-01 3.473094558715820e+01 
0.000000000000000e+00 0.000000000000000e+00 0.000000000000000e+00 1.000000000000000e+00 
src volume info
valid = 1  # volume info valid
filename = /usr/local/freesurfer/subjects/3950/mri/norm.mgz
volume = 256 256 256
voxelsize = 1.000000000000000e+00 1.000000000000000e+00 1.000000000000000e+00
xras   = -1.000000000000000e+00 0.000000000000000e+00 0.000000000000000e+00
yras   = 0.000000000000000e+00 0.000000000000000e+00 -9.999999403953552e-01
zras   = 0.000000000000000e+00 9.999999403953552e-01 0.000000000000000e+00
cras   = 2.078010253906250e+02 2.824697570800781e+02 5.315069580078125e+02
dst volume info
valid = 1  # volume info valid
filename = /usr/local/freesurfer/subjects/3950/mri/norm.mgz
volume = 256 256 256
voxelsize = 1.000000000000000e+00 1.000000000000000e+00 1.000000000000000e+00
xras   = -1.000000000000000e+00 0.000000000000000e+00 0.000000000000000e+00
yras   = 0.000000000000000e+00 0.000000000000000e+00 -9.999999403953552e-01
zras   = 0.000000000000000e+00 9.999999403953552e-01 0.000000000000000e+00
cras   = 2.078010253906250e+02 2.824697570800781e+02 5.315069580078125e+02
