# transform file /usr/local/freesurfer/subjects/3439/mri/transforms/cc_up.lta
# created by ubuntu on Fri Jan  5 03:41:09 2018

type      = 0 # LINEAR_VOX_TO_VOX
nxforms   = 1
mean      = 126.0000 118.0000 105.0000
sigma     = 10000.0000
1 4 4
9.994466304779053e-01 2.656242251396179e-02 2.002044580876827e-02 -2.776189804077148e+00 
-2.655709534883499e-02 9.996471405029297e-01 -5.319792544469237e-04 3.344036483764648e+01 
-2.002751082181931e-02 0.000000000000000e+00 9.997993707656860e-01 3.654955291748047e+01 
0.000000000000000e+00 0.000000000000000e+00 0.000000000000000e+00 1.000000000000000e+00 
src volume info
valid = 1  # volume info valid
filename = /usr/local/freesurfer/subjects/3439/mri/norm.mgz
volume = 256 256 256
voxelsize = 1.000000000000000e+00 1.000000000000000e+00 1.000000000000000e+00
xras   = -1.000000000000000e+00 0.000000000000000e+00 0.000000000000000e+00
yras   = 0.000000000000000e+00 0.000000000000000e+00 -1.000000000000000e+00
zras   = 0.000000000000000e+00 1.000000000000000e+00 0.000000000000000e+00
cras   = 1.990233459472656e+02 5.612554321289062e+02 8.049672851562500e+02
dst volume info
valid = 1  # volume info valid
filename = /usr/local/freesurfer/subjects/3439/mri/norm.mgz
volume = 256 256 256
voxelsize = 1.000000000000000e+00 1.000000000000000e+00 1.000000000000000e+00
xras   = -1.000000000000000e+00 0.000000000000000e+00 0.000000000000000e+00
yras   = 0.000000000000000e+00 0.000000000000000e+00 -1.000000000000000e+00
zras   = 0.000000000000000e+00 1.000000000000000e+00 0.000000000000000e+00
cras   = 1.990233459472656e+02 5.612554321289062e+02 8.049672851562500e+02
