# transform file /usr/local/freesurfer/subjects/4073/mri/transforms/cc_up.lta
# created by ubuntu on Tue Jan 16 04:33:47 2018

type      = 0 # LINEAR_VOX_TO_VOX
nxforms   = 1
mean      = 131.0000 106.0000 124.0000
sigma     = 10000.0000
1 4 4
9.992803931236267e-01 3.791546449065208e-02 -1.032648491673172e-03 -8.308533668518066e+00 
-3.791544213891029e-02 9.992809295654297e-01 3.918151924153790e-05 5.307640838623047e+01 
1.033391570672393e-03 0.000000000000000e+00 9.999994635581970e-01 1.686314582824707e+01 
0.000000000000000e+00 0.000000000000000e+00 0.000000000000000e+00 1.000000000000000e+00 
src volume info
valid = 1  # volume info valid
filename = /usr/local/freesurfer/subjects/4073/mri/norm.mgz
volume = 256 256 256
voxelsize = 1.000000000000000e+00 1.000000000000000e+00 1.000000000000000e+00
xras   = -1.000000000000000e+00 0.000000000000000e+00 0.000000000000000e+00
yras   = 0.000000000000000e+00 0.000000000000000e+00 -9.999999403953552e-01
zras   = 0.000000000000000e+00 9.999999403953552e-01 0.000000000000000e+00
cras   = 1.986049194335938e+02 2.922414245605469e+02 4.883902282714844e+02
dst volume info
valid = 1  # volume info valid
filename = /usr/local/freesurfer/subjects/4073/mri/norm.mgz
volume = 256 256 256
voxelsize = 1.000000000000000e+00 1.000000000000000e+00 1.000000000000000e+00
xras   = -1.000000000000000e+00 0.000000000000000e+00 0.000000000000000e+00
yras   = 0.000000000000000e+00 0.000000000000000e+00 -9.999999403953552e-01
zras   = 0.000000000000000e+00 9.999999403953552e-01 0.000000000000000e+00
cras   = 1.986049194335938e+02 2.922414245605469e+02 4.883902282714844e+02
