# transform file /usr/local/freesurfer/subjects/4135/mri/transforms/cc_up.lta
# created by ubuntu on Wed Jan 17 05:15:04 2018

type      = 0 # LINEAR_VOX_TO_VOX
nxforms   = 1
mean      = 128.0000 110.0000 119.0000
sigma     = 10000.0000
1 4 4
9.996587038040161e-01 -2.590772882103920e-02 -3.333658678457141e-03 5.282033920288086e+00 
2.590758353471756e-02 9.996643066406250e-01 -8.639653242425993e-05 3.576378631591797e+01 
3.334778128191829e-03 0.000000000000000e+00 9.999943971633911e-01 3.557908630371094e+01 
0.000000000000000e+00 0.000000000000000e+00 0.000000000000000e+00 1.000000000000000e+00 
src volume info
valid = 1  # volume info valid
filename = /usr/local/freesurfer/subjects/4135/mri/norm.mgz
volume = 256 256 256
voxelsize = 1.000000000000000e+00 1.000000000000000e+00 1.000000000000000e+00
xras   = -1.000000000000000e+00 0.000000000000000e+00 0.000000000000000e+00
yras   = 0.000000000000000e+00 0.000000000000000e+00 -1.000000000000000e+00
zras   = 0.000000000000000e+00 1.000000000000000e+00 0.000000000000000e+00
cras   = 2.087114868164062e+02 2.793322448730469e+02 5.118573608398438e+02
dst volume info
valid = 1  # volume info valid
filename = /usr/local/freesurfer/subjects/4135/mri/norm.mgz
volume = 256 256 256
voxelsize = 1.000000000000000e+00 1.000000000000000e+00 1.000000000000000e+00
xras   = -1.000000000000000e+00 0.000000000000000e+00 0.000000000000000e+00
yras   = 0.000000000000000e+00 0.000000000000000e+00 -1.000000000000000e+00
zras   = 0.000000000000000e+00 1.000000000000000e+00 0.000000000000000e+00
cras   = 2.087114868164062e+02 2.793322448730469e+02 5.118573608398438e+02
