# transform file /usr/local/freesurfer/subjects/3960/mri/transforms/cc_up.lta
# created by ubuntu on Thu Jan 18 11:51:14 2018

type      = 0 # LINEAR_VOX_TO_VOX
nxforms   = 1
mean      = 133.0000 104.0000 115.0000
sigma     = 10000.0000
1 4 4
9.968670606613159e-01 -7.166118174791336e-02 3.348019719123840e-02 3.122020661830902e-01 
7.162079960107803e-02 9.974291324615479e-01 2.405414590612054e-03 3.661479187011719e+01 
-3.356649726629257e-02 -2.328306714094452e-10 9.994365572929382e-01 4.344718170166016e+01 
0.000000000000000e+00 0.000000000000000e+00 0.000000000000000e+00 1.000000000000000e+00 
src volume info
valid = 1  # volume info valid
filename = /usr/local/freesurfer/subjects/3960/mri/norm.mgz
volume = 256 256 256
voxelsize = 1.000000000000000e+00 1.000000000000000e+00 1.000000000000000e+00
xras   = -1.000000000000000e+00 0.000000000000000e+00 0.000000000000000e+00
yras   = 0.000000000000000e+00 0.000000000000000e+00 -1.000000000000000e+00
zras   = 0.000000000000000e+00 1.000000000000000e+00 0.000000000000000e+00
cras   = 1.968249816894531e+02 2.875919189453125e+02 5.373609619140625e+02
dst volume info
valid = 1  # volume info valid
filename = /usr/local/freesurfer/subjects/3960/mri/norm.mgz
volume = 256 256 256
voxelsize = 1.000000000000000e+00 1.000000000000000e+00 1.000000000000000e+00
xras   = -1.000000000000000e+00 0.000000000000000e+00 0.000000000000000e+00
yras   = 0.000000000000000e+00 0.000000000000000e+00 -1.000000000000000e+00
zras   = 0.000000000000000e+00 1.000000000000000e+00 0.000000000000000e+00
cras   = 1.968249816894531e+02 2.875919189453125e+02 5.373609619140625e+02
