# transform file /usr/local/freesurfer/subjects/3300/mri/transforms/cc_up.lta
# created by ubuntu on Tue Jan  2 08:18:19 2018

type      = 0 # LINEAR_VOX_TO_VOX
nxforms   = 1
mean      = 128.0000 108.0000 121.0000
sigma     = 10000.0000
1 4 4
9.997067451477051e-01 -1.215871982276440e-02 -2.094830945134163e-02 3.609166383743286e+00 
1.215605158358812e-02 9.999262094497681e-01 -2.547234180383384e-04 3.948103332519531e+01 
2.094985917210579e-02 -2.910383392618066e-11 9.997806549072266e-01 5.344755172729492e+00 
0.000000000000000e+00 0.000000000000000e+00 0.000000000000000e+00 1.000000000000000e+00 
src volume info
valid = 1  # volume info valid
filename = /usr/local/freesurfer/subjects/3300/mri/norm.mgz
volume = 256 256 256
voxelsize = 1.000000000000000e+00 1.000000000000000e+00 1.000000000000000e+00
xras   = -1.000000000000000e+00 0.000000000000000e+00 0.000000000000000e+00
yras   = 0.000000000000000e+00 0.000000000000000e+00 -1.000000000000000e+00
zras   = 0.000000000000000e+00 1.000000000000000e+00 0.000000000000000e+00
cras   = 2.100493774414062e+02 2.732438354492188e+02 5.322653808593750e+02
dst volume info
valid = 1  # volume info valid
filename = /usr/local/freesurfer/subjects/3300/mri/norm.mgz
volume = 256 256 256
voxelsize = 1.000000000000000e+00 1.000000000000000e+00 1.000000000000000e+00
xras   = -1.000000000000000e+00 0.000000000000000e+00 0.000000000000000e+00
yras   = 0.000000000000000e+00 0.000000000000000e+00 -1.000000000000000e+00
zras   = 0.000000000000000e+00 1.000000000000000e+00 0.000000000000000e+00
cras   = 2.100493774414062e+02 2.732438354492188e+02 5.322653808593750e+02
