# transform file /usr/local/freesurfer/subjects/3957/mri/transforms/cc_up.lta
# created by ubuntu on Thu Jan 18 12:02:39 2018

type      = 0 # LINEAR_VOX_TO_VOX
nxforms   = 1
mean      = 129.0000 114.0000 108.0000
sigma     = 10000.0000
1 4 4
9.982425570487976e-01 -3.362355008721352e-02 4.880002886056900e-02 -4.586386382579803e-01 
3.358344361186028e-02 9.994346499443054e-01 1.641758251935244e-03 4.610996246337891e+00 
-4.882763698697090e-02 0.000000000000000e+00 9.988073706626892e-01 3.836443710327148e+01 
0.000000000000000e+00 0.000000000000000e+00 0.000000000000000e+00 1.000000000000000e+00 
src volume info
valid = 1  # volume info valid
filename = /usr/local/freesurfer/subjects/3957/mri/norm.mgz
volume = 256 256 256
voxelsize = 1.000000000000000e+00 1.000000000000000e+00 1.000000000000000e+00
xras   = -1.000000000000000e+00 0.000000000000000e+00 0.000000000000000e+00
yras   = 0.000000000000000e+00 0.000000000000000e+00 -9.999999403953552e-01
zras   = 0.000000000000000e+00 9.999999403953552e-01 0.000000000000000e+00
cras   = 1.799956054687500e+02 2.824697570800781e+02 5.351659545898438e+02
dst volume info
valid = 1  # volume info valid
filename = /usr/local/freesurfer/subjects/3957/mri/norm.mgz
volume = 256 256 256
voxelsize = 1.000000000000000e+00 1.000000000000000e+00 1.000000000000000e+00
xras   = -1.000000000000000e+00 0.000000000000000e+00 0.000000000000000e+00
yras   = 0.000000000000000e+00 0.000000000000000e+00 -9.999999403953552e-01
zras   = 0.000000000000000e+00 9.999999403953552e-01 0.000000000000000e+00
cras   = 1.799956054687500e+02 2.824697570800781e+02 5.351659545898438e+02
