# transform file /usr/local/freesurfer/subjects/4072/mri/transforms/cc_up.lta
# created by ubuntu on Tue Jan 16 04:20:41 2018

type      = 0 # LINEAR_VOX_TO_VOX
nxforms   = 1
mean      = 128.0000 137.0000 124.0000
sigma     = 10000.0000
1 4 4
9.972624182701111e-01 3.762890817597508e-03 7.384881377220154e-02 -9.509630203247070e+00 
-3.752616001293063e-03 9.999929666519165e-01 -2.778869820758700e-04 1.051660060882568e+01 
-7.384933531284332e-02 0.000000000000000e+00 9.972694516181946e-01 2.383785438537598e+01 
0.000000000000000e+00 0.000000000000000e+00 0.000000000000000e+00 1.000000000000000e+00 
src volume info
valid = 1  # volume info valid
filename = /usr/local/freesurfer/subjects/4072/mri/norm.mgz
volume = 256 256 256
voxelsize = 1.000000000000000e+00 1.000000000000000e+00 1.000000000000000e+00
xras   = -1.000000000000000e+00 0.000000000000000e+00 0.000000000000000e+00
yras   = 0.000000000000000e+00 0.000000000000000e+00 -9.999999403953552e-01
zras   = 0.000000000000000e+00 9.999999403953552e-01 0.000000000000000e+00
cras   = 1.980195922851562e+02 2.998511962890625e+02 4.872194519042969e+02
dst volume info
valid = 1  # volume info valid
filename = /usr/local/freesurfer/subjects/4072/mri/norm.mgz
volume = 256 256 256
voxelsize = 1.000000000000000e+00 1.000000000000000e+00 1.000000000000000e+00
xras   = -1.000000000000000e+00 0.000000000000000e+00 0.000000000000000e+00
yras   = 0.000000000000000e+00 0.000000000000000e+00 -9.999999403953552e-01
zras   = 0.000000000000000e+00 9.999999403953552e-01 0.000000000000000e+00
cras   = 1.980195922851562e+02 2.998511962890625e+02 4.872194519042969e+02
