# transform file /usr/local/freesurfer/subjects/3776/mri/transforms/cc_up.lta
# created by ubuntu on Thu Jan 11 12:16:35 2018

type      = 0 # LINEAR_VOX_TO_VOX
nxforms   = 1
mean      = 126.0000 118.0000 127.0000
sigma     = 10000.0000
1 4 4
9.998111128807068e-01 1.943570747971535e-02 1.559061456646305e-05 -1.264381408691406e-01 
-1.943570747971535e-02 9.998111128807068e-01 -3.030718573882041e-07 3.247218322753906e+01 
-1.559355951030739e-05 0.000000000000000e+00 1.000000000000000e+00 1.100196552276611e+01 
0.000000000000000e+00 0.000000000000000e+00 0.000000000000000e+00 1.000000000000000e+00 
src volume info
valid = 1  # volume info valid
filename = /usr/local/freesurfer/subjects/3776/mri/norm.mgz
volume = 256 256 256
voxelsize = 1.000000000000000e+00 1.000000000000000e+00 1.000000000000000e+00
xras   = -1.000000000000000e+00 0.000000000000000e+00 0.000000000000000e+00
yras   = 0.000000000000000e+00 0.000000000000000e+00 -1.000000000000000e+00
zras   = 0.000000000000000e+00 1.000000000000000e+00 0.000000000000000e+00
cras   = 2.147529296875000e+02 2.786060180664062e+02 5.035056762695312e+02
dst volume info
valid = 1  # volume info valid
filename = /usr/local/freesurfer/subjects/3776/mri/norm.mgz
volume = 256 256 256
voxelsize = 1.000000000000000e+00 1.000000000000000e+00 1.000000000000000e+00
xras   = -1.000000000000000e+00 0.000000000000000e+00 0.000000000000000e+00
yras   = 0.000000000000000e+00 0.000000000000000e+00 -1.000000000000000e+00
zras   = 0.000000000000000e+00 1.000000000000000e+00 0.000000000000000e+00
cras   = 2.147529296875000e+02 2.786060180664062e+02 5.035056762695312e+02
