# transform file /usr/local/freesurfer/subjects/3951/mri/transforms/cc_up.lta
# created by ubuntu on Sun Jan 14 08:21:10 2018

type      = 0 # LINEAR_VOX_TO_VOX
nxforms   = 1
mean      = 127.0000 115.0000 119.0000
sigma     = 10000.0000
1 4 4
9.978492259979248e-01 -6.529437750577927e-02 -5.813164170831442e-03 8.679129600524902e+00 
6.529327481985092e-02 9.978661537170410e-01 -3.803786821663380e-04 2.498919868469238e+01 
5.825595464557409e-03 0.000000000000000e+00 9.999831318855286e-01 4.326575469970703e+01 
0.000000000000000e+00 0.000000000000000e+00 0.000000000000000e+00 1.000000000000000e+00 
src volume info
valid = 1  # volume info valid
filename = /usr/local/freesurfer/subjects/3951/mri/norm.mgz
volume = 256 256 256
voxelsize = 1.000000000000000e+00 1.000000000000000e+00 1.000000000000000e+00
xras   = -1.000000000000000e+00 0.000000000000000e+00 0.000000000000000e+00
yras   = 0.000000000000000e+00 0.000000000000000e+00 -1.000000000000000e+00
zras   = 0.000000000000000e+00 1.000000000000000e+00 0.000000000000000e+00
cras   = 1.917029418945312e+02 2.810097045898438e+02 5.300401000976562e+02
dst volume info
valid = 1  # volume info valid
filename = /usr/local/freesurfer/subjects/3951/mri/norm.mgz
volume = 256 256 256
voxelsize = 1.000000000000000e+00 1.000000000000000e+00 1.000000000000000e+00
xras   = -1.000000000000000e+00 0.000000000000000e+00 0.000000000000000e+00
yras   = 0.000000000000000e+00 0.000000000000000e+00 -1.000000000000000e+00
zras   = 0.000000000000000e+00 1.000000000000000e+00 0.000000000000000e+00
cras   = 1.917029418945312e+02 2.810097045898438e+02 5.300401000976562e+02
