# transform file /usr/local/freesurfer/subjects/3620/mri/transforms/cc_up.lta
# created by ubuntu on Wed Jan 10 10:02:22 2018

type      = 0 # LINEAR_VOX_TO_VOX
nxforms   = 1
mean      = 127.0000 94.0000 112.0000
sigma     = 10000.0000
1 4 4
9.995526671409607e-01 1.174507476389408e-02 2.750425972044468e-02 -2.554578065872192e+00 
-1.174063142389059e-02 9.999310374259949e-01 -3.230618895031512e-04 5.854032897949219e+01 
-2.750615775585175e-02 -2.910383045673370e-11 9.996216297149658e-01 3.055899810791016e+01 
0.000000000000000e+00 0.000000000000000e+00 0.000000000000000e+00 1.000000000000000e+00 
src volume info
valid = 1  # volume info valid
filename = /usr/local/freesurfer/subjects/3620/mri/norm.mgz
volume = 256 256 256
voxelsize = 1.000000000000000e+00 1.000000000000000e+00 1.000000000000000e+00
xras   = -1.000000000000000e+00 0.000000000000000e+00 0.000000000000000e+00
yras   = 0.000000000000000e+00 0.000000000000000e+00 -1.000000000000000e+00
zras   = 0.000000000000000e+00 1.000000000000000e+00 0.000000000000000e+00
cras   = 2.130295104980469e+02 3.074393920898438e+02 5.406344604492188e+02
dst volume info
valid = 1  # volume info valid
filename = /usr/local/freesurfer/subjects/3620/mri/norm.mgz
volume = 256 256 256
voxelsize = 1.000000000000000e+00 1.000000000000000e+00 1.000000000000000e+00
xras   = -1.000000000000000e+00 0.000000000000000e+00 0.000000000000000e+00
yras   = 0.000000000000000e+00 0.000000000000000e+00 -1.000000000000000e+00
zras   = 0.000000000000000e+00 1.000000000000000e+00 0.000000000000000e+00
cras   = 2.130295104980469e+02 3.074393920898438e+02 5.406344604492188e+02
