# transform file /usr/local/freesurfer/subjects/3953/mri/transforms/cc_up.lta
# created by ubuntu on Sun Jan 14 07:50:46 2018

type      = 0 # LINEAR_VOX_TO_VOX
nxforms   = 1
mean      = 131.0000 105.0000 115.0000
sigma     = 10000.0000
1 4 4
9.997445344924927e-01 1.721357554197311e-02 1.465288363397121e-02 -4.888969898223877e+00 
-1.721172593533993e-02 9.998518824577332e-01 -2.522658614907414e-04 3.627390670776367e+01 
-1.465505547821522e-02 0.000000000000000e+00 9.998927116394043e-01 4.091471099853516e+01 
0.000000000000000e+00 0.000000000000000e+00 0.000000000000000e+00 1.000000000000000e+00 
src volume info
valid = 1  # volume info valid
filename = /usr/local/freesurfer/subjects/3953/mri/norm.mgz
volume = 256 256 256
voxelsize = 1.000000000000000e+00 1.000000000000000e+00 1.000000000000000e+00
xras   = -1.000000000000000e+00 0.000000000000000e+00 0.000000000000000e+00
yras   = 0.000000000000000e+00 0.000000000000000e+00 -1.000000000000000e+00
zras   = 0.000000000000000e+00 1.000000000000000e+00 0.000000000000000e+00
cras   = 1.982889404296875e+02 2.839332885742188e+02 5.278480834960938e+02
dst volume info
valid = 1  # volume info valid
filename = /usr/local/freesurfer/subjects/3953/mri/norm.mgz
volume = 256 256 256
voxelsize = 1.000000000000000e+00 1.000000000000000e+00 1.000000000000000e+00
xras   = -1.000000000000000e+00 0.000000000000000e+00 0.000000000000000e+00
yras   = 0.000000000000000e+00 0.000000000000000e+00 -1.000000000000000e+00
zras   = 0.000000000000000e+00 1.000000000000000e+00 0.000000000000000e+00
cras   = 1.982889404296875e+02 2.839332885742188e+02 5.278480834960938e+02
