# transform file /usr/local/freesurfer/subjects/3621/mri/transforms/cc_up.lta
# created by ubuntu on Wed Jan 10 09:26:22 2018

type      = 0 # LINEAR_VOX_TO_VOX
nxforms   = 1
mean      = 128.0000 128.0000 128.0000
sigma     = 10000.0000
1 4 4
9.995856881141663e-01 -3.521180013194680e-03 2.857000753283501e-02 -3.119943380355835e+00 
3.519742516800761e-03 9.999938607215881e-01 1.006007514661178e-04 2.453766250610352e+01 
-2.857018448412418e-02 0.000000000000000e+00 9.995918869972229e-01 2.271352577209473e+01 
0.000000000000000e+00 0.000000000000000e+00 0.000000000000000e+00 1.000000000000000e+00 
src volume info
valid = 1  # volume info valid
filename = /usr/local/freesurfer/subjects/3621/mri/norm.mgz
volume = 256 256 256
voxelsize = 1.000000000000000e+00 1.000000000000000e+00 1.000000000000000e+00
xras   = -1.000000000000000e+00 0.000000000000000e+00 0.000000000000000e+00
yras   = 0.000000000000000e+00 0.000000000000000e+00 -1.000000000000000e+00
zras   = 0.000000000000000e+00 1.000000000000000e+00 0.000000000000000e+00
cras   = 2.520107727050781e+02 2.870944824218750e+02 5.199224853515625e+02
dst volume info
valid = 1  # volume info valid
filename = /usr/local/freesurfer/subjects/3621/mri/norm.mgz
volume = 256 256 256
voxelsize = 1.000000000000000e+00 1.000000000000000e+00 1.000000000000000e+00
xras   = -1.000000000000000e+00 0.000000000000000e+00 0.000000000000000e+00
yras   = 0.000000000000000e+00 0.000000000000000e+00 -1.000000000000000e+00
zras   = 0.000000000000000e+00 1.000000000000000e+00 0.000000000000000e+00
cras   = 2.520107727050781e+02 2.870944824218750e+02 5.199224853515625e+02
