# transform file /usr/local/freesurfer/subjects/3808/mri/transforms/cc_up.lta
# created by ubuntu on Fri Jan 12 12:03:14 2018

type      = 0 # LINEAR_VOX_TO_VOX
nxforms   = 1
mean      = 127.0000 97.0000 108.0000
sigma     = 10000.0000
1 4 4
9.999040365219116e-01 8.773174340603873e-05 1.386006642132998e-02 -2.242386817932129e+00 
-8.772331784712151e-05 1.000000000000000e+00 -1.215967699863540e-06 4.401142501831055e+01 
-1.386006642132998e-02 0.000000000000000e+00 9.999040365219116e-01 3.979658889770508e+01 
0.000000000000000e+00 0.000000000000000e+00 0.000000000000000e+00 1.000000000000000e+00 
src volume info
valid = 1  # volume info valid
filename = /usr/local/freesurfer/subjects/3808/mri/norm.mgz
volume = 256 256 256
voxelsize = 1.000000000000000e+00 1.000000000000000e+00 1.000000000000000e+00
xras   = -1.000000000000000e+00 0.000000000000000e+00 0.000000000000000e+00
yras   = 0.000000000000000e+00 0.000000000000000e+00 -1.000000000000000e+00
zras   = 0.000000000000000e+00 1.000000000000000e+00 0.000000000000000e+00
cras   = 2.402032775878906e+02 2.698741455078125e+02 4.901256103515625e+02
dst volume info
valid = 1  # volume info valid
filename = /usr/local/freesurfer/subjects/3808/mri/norm.mgz
volume = 256 256 256
voxelsize = 1.000000000000000e+00 1.000000000000000e+00 1.000000000000000e+00
xras   = -1.000000000000000e+00 0.000000000000000e+00 0.000000000000000e+00
yras   = 0.000000000000000e+00 0.000000000000000e+00 -1.000000000000000e+00
zras   = 0.000000000000000e+00 1.000000000000000e+00 0.000000000000000e+00
cras   = 2.402032775878906e+02 2.698741455078125e+02 4.901256103515625e+02
