# transform file /usr/local/freesurfer/subjects/3624/mri/transforms/cc_up.lta
# created by ubuntu on Wed Jan 10 10:09:10 2018

type      = 0 # LINEAR_VOX_TO_VOX
nxforms   = 1
mean      = 129.0000 113.0000 106.0000
sigma     = 10000.0000
1 4 4
9.958850741386414e-01 -3.905728831887245e-02 8.177588880062103e-02 -4.714832305908203e+00 
3.892627358436584e-02 9.992369413375854e-01 3.196383127942681e-03 2.473772430419922e+01 
-8.183833211660385e-02 2.328306158982940e-10 9.966455698013306e-01 4.390084838867188e+01 
0.000000000000000e+00 0.000000000000000e+00 0.000000000000000e+00 1.000000000000000e+00 
src volume info
valid = 1  # volume info valid
filename = /usr/local/freesurfer/subjects/3624/mri/norm.mgz
volume = 256 256 256
voxelsize = 1.000000000000000e+00 1.000000000000000e+00 1.000000000000000e+00
xras   = -1.000000000000000e+00 0.000000000000000e+00 0.000000000000000e+00
yras   = 0.000000000000000e+00 0.000000000000000e+00 -1.000000000000000e+00
zras   = 0.000000000000000e+00 1.000000000000000e+00 0.000000000000000e+00
cras   = 2.378309783935547e+02 2.980983276367188e+02 5.446260375976562e+02
dst volume info
valid = 1  # volume info valid
filename = /usr/local/freesurfer/subjects/3624/mri/norm.mgz
volume = 256 256 256
voxelsize = 1.000000000000000e+00 1.000000000000000e+00 1.000000000000000e+00
xras   = -1.000000000000000e+00 0.000000000000000e+00 0.000000000000000e+00
yras   = 0.000000000000000e+00 0.000000000000000e+00 -1.000000000000000e+00
zras   = 0.000000000000000e+00 1.000000000000000e+00 0.000000000000000e+00
cras   = 2.378309783935547e+02 2.980983276367188e+02 5.446260375976562e+02
