# transform file /usr/local/freesurfer/subjects/3173/mri/transforms/cc_up.lta
# created by ubuntu on Mon Jan  1 04:42:19 2018

type      = 0 # LINEAR_VOX_TO_VOX
nxforms   = 1
mean      = 128.0000 118.0000 125.0000
sigma     = 10000.0000
1 4 4
9.990225434303284e-01 -4.359428584575653e-02 7.321674842387438e-03 4.799122810363770e+00 
4.359311610460281e-02 9.990493059158325e-01 3.194868913851678e-04 2.148428535461426e+01 
-7.328642066568136e-03 0.000000000000000e+00 9.999732375144958e-01 1.194026565551758e+01 
0.000000000000000e+00 0.000000000000000e+00 0.000000000000000e+00 1.000000000000000e+00 
src volume info
valid = 1  # volume info valid
filename = /usr/local/freesurfer/subjects/3173/mri/norm.mgz
volume = 256 256 256
voxelsize = 1.000000000000000e+00 1.000000000000000e+00 1.000000000000000e+00
xras   = -1.000000000000000e+00 0.000000000000000e+00 0.000000000000000e+00
yras   = 0.000000000000000e+00 0.000000000000000e+00 -1.000000000000000e+00
zras   = 0.000000000000000e+00 1.000000000000000e+00 0.000000000000000e+00
cras   = 2.189922180175781e+02 2.923219604492188e+02 5.359108276367188e+02
dst volume info
valid = 1  # volume info valid
filename = /usr/local/freesurfer/subjects/3173/mri/norm.mgz
volume = 256 256 256
voxelsize = 1.000000000000000e+00 1.000000000000000e+00 1.000000000000000e+00
xras   = -1.000000000000000e+00 0.000000000000000e+00 0.000000000000000e+00
yras   = 0.000000000000000e+00 0.000000000000000e+00 -1.000000000000000e+00
zras   = 0.000000000000000e+00 1.000000000000000e+00 0.000000000000000e+00
cras   = 2.189922180175781e+02 2.923219604492188e+02 5.359108276367188e+02
