# transform file /usr/local/freesurfer/subjects/3288/mri/transforms/cc_up.lta
# created by ubuntu on Tue Jan  2 10:19:19 2018

type      = 0 # LINEAR_VOX_TO_VOX
nxforms   = 1
mean      = 132.0000 104.0000 116.0000
sigma     = 10000.0000
1 4 4
9.978080391883850e-01 -4.440031945705414e-02 4.906688630580902e-02 -2.278789997100830e+00 
4.434673488140106e-02 9.990137219429016e-01 2.180736279115081e-03 5.009434890747070e+01 
-4.911532253026962e-02 0.000000000000000e+00 9.987930059432983e-01 2.648881721496582e+01 
0.000000000000000e+00 0.000000000000000e+00 0.000000000000000e+00 1.000000000000000e+00 
src volume info
valid = 1  # volume info valid
filename = /usr/local/freesurfer/subjects/3288/mri/norm.mgz
volume = 256 256 256
voxelsize = 1.000000000000000e+00 1.000000000000000e+00 1.000000000000000e+00
xras   = -1.000000000000000e+00 0.000000000000000e+00 0.000000000000000e+00
yras   = 0.000000000000000e+00 0.000000000000000e+00 -1.000000000000000e+00
zras   = 0.000000000000000e+00 1.000000000000000e+00 0.000000000000000e+00
cras   = 1.908350677490234e+02 2.978410034179688e+02 5.396077880859375e+02
dst volume info
valid = 1  # volume info valid
filename = /usr/local/freesurfer/subjects/3288/mri/norm.mgz
volume = 256 256 256
voxelsize = 1.000000000000000e+00 1.000000000000000e+00 1.000000000000000e+00
xras   = -1.000000000000000e+00 0.000000000000000e+00 0.000000000000000e+00
yras   = 0.000000000000000e+00 0.000000000000000e+00 -1.000000000000000e+00
zras   = 0.000000000000000e+00 1.000000000000000e+00 0.000000000000000e+00
cras   = 1.908350677490234e+02 2.978410034179688e+02 5.396077880859375e+02
