# transform file /usr/local/freesurfer/subjects/3769/mri/transforms/cc_up.lta
# created by ubuntu on Thu Jan 11 11:39:16 2018

type      = 0 # LINEAR_VOX_TO_VOX
nxforms   = 1
mean      = 128.0000 135.0000 121.0000
sigma     = 10000.0000
1 4 4
9.998453855514526e-01 -1.606886088848114e-02 7.142437621951103e-03 7.516275048255920e-01 
1.606845110654831e-02 9.998708963394165e-01 1.147856528405100e-04 3.923174142837524e+00 
-7.143360096961260e-03 0.000000000000000e+00 9.999744892120361e-01 1.692741394042969e+01 
0.000000000000000e+00 0.000000000000000e+00 0.000000000000000e+00 1.000000000000000e+00 
src volume info
valid = 1  # volume info valid
filename = /usr/local/freesurfer/subjects/3769/mri/norm.mgz
volume = 256 256 256
voxelsize = 1.000000000000000e+00 1.000000000000000e+00 1.000000000000000e+00
xras   = -1.000000000000000e+00 0.000000000000000e+00 0.000000000000000e+00
yras   = 0.000000000000000e+00 0.000000000000000e+00 -1.000000000000000e+00
zras   = 0.000000000000000e+00 1.000000000000000e+00 0.000000000000000e+00
cras   = 2.174212646484375e+02 2.699425964355469e+02 5.059505615234375e+02
dst volume info
valid = 1  # volume info valid
filename = /usr/local/freesurfer/subjects/3769/mri/norm.mgz
volume = 256 256 256
voxelsize = 1.000000000000000e+00 1.000000000000000e+00 1.000000000000000e+00
xras   = -1.000000000000000e+00 0.000000000000000e+00 0.000000000000000e+00
yras   = 0.000000000000000e+00 0.000000000000000e+00 -1.000000000000000e+00
zras   = 0.000000000000000e+00 1.000000000000000e+00 0.000000000000000e+00
cras   = 2.174212646484375e+02 2.699425964355469e+02 5.059505615234375e+02
