# transform file /usr/local/freesurfer/subjects/3385/mri/transforms/cc_up.lta
# created by ubuntu on Thu Jan  4 05:24:18 2018

type      = 0 # LINEAR_VOX_TO_VOX
nxforms   = 1
mean      = 130.0000 137.0000 115.0000
sigma     = 10000.0000
1 4 4
9.976165890693665e-01 -6.608210504055023e-02 -1.986164413392544e-02 1.176238822937012e+01 
6.606901437044144e-02 9.978142976760864e-01 -1.315374276600778e-03 3.915381431579590e+00 
1.990515179932117e-02 0.000000000000000e+00 9.998019337654114e-01 2.246748542785645e+01 
0.000000000000000e+00 0.000000000000000e+00 0.000000000000000e+00 1.000000000000000e+00 
src volume info
valid = 1  # volume info valid
filename = /usr/local/freesurfer/subjects/3385/mri/norm.mgz
volume = 256 256 256
voxelsize = 1.000000000000000e+00 1.000000000000000e+00 1.000000000000000e+00
xras   = -1.000000000000000e+00 0.000000000000000e+00 0.000000000000000e+00
yras   = 0.000000000000000e+00 0.000000000000000e+00 -1.000000000000000e+00
zras   = 0.000000000000000e+00 1.000000000000000e+00 0.000000000000000e+00
cras   = 2.107515258789062e+02 2.785609130859375e+02 5.373768310546875e+02
dst volume info
valid = 1  # volume info valid
filename = /usr/local/freesurfer/subjects/3385/mri/norm.mgz
volume = 256 256 256
voxelsize = 1.000000000000000e+00 1.000000000000000e+00 1.000000000000000e+00
xras   = -1.000000000000000e+00 0.000000000000000e+00 0.000000000000000e+00
yras   = 0.000000000000000e+00 0.000000000000000e+00 -1.000000000000000e+00
zras   = 0.000000000000000e+00 1.000000000000000e+00 0.000000000000000e+00
cras   = 2.107515258789062e+02 2.785609130859375e+02 5.373768310546875e+02
