# transform file /usr/local/freesurfer/subjects/3516/mri/transforms/cc_up.lta
# created by ubuntu on Tue Jan  9 04:22:55 2018

type      = 0 # LINEAR_VOX_TO_VOX
nxforms   = 1
mean      = 129.0000 135.0000 109.0000
sigma     = 10000.0000
1 4 4
9.999331831932068e-01 -1.091224420815706e-02 -3.837327938526869e-03 4.601150512695312e+00 
1.091216411441565e-02 9.999405145645142e-01 -4.187635204289109e-05 1.161377429962158e+01 
3.837556578218937e-03 3.637979240772582e-12 9.999927282333374e-01 3.950943756103516e+01 
0.000000000000000e+00 0.000000000000000e+00 0.000000000000000e+00 1.000000000000000e+00 
src volume info
valid = 1  # volume info valid
filename = /usr/local/freesurfer/subjects/3516/mri/norm.mgz
volume = 256 256 256
voxelsize = 1.000000000000000e+00 1.000000000000000e+00 1.000000000000000e+00
xras   = -1.000000000000000e+00 0.000000000000000e+00 0.000000000000000e+00
yras   = 0.000000000000000e+00 0.000000000000000e+00 -1.000000000000000e+00
zras   = 0.000000000000000e+00 1.000000000000000e+00 0.000000000000000e+00
cras   = 2.720347290039062e+02 3.254429321289062e+02 5.734152832031250e+02
dst volume info
valid = 1  # volume info valid
filename = /usr/local/freesurfer/subjects/3516/mri/norm.mgz
volume = 256 256 256
voxelsize = 1.000000000000000e+00 1.000000000000000e+00 1.000000000000000e+00
xras   = -1.000000000000000e+00 0.000000000000000e+00 0.000000000000000e+00
yras   = 0.000000000000000e+00 0.000000000000000e+00 -1.000000000000000e+00
zras   = 0.000000000000000e+00 1.000000000000000e+00 0.000000000000000e+00
cras   = 2.720347290039062e+02 3.254429321289062e+02 5.734152832031250e+02
