# transform file /usr/local/freesurfer/subjects/3517/mri/transforms/cc_up.lta
# created by ubuntu on Tue Jan  9 04:25:20 2018

type      = 0 # LINEAR_VOX_TO_VOX
nxforms   = 1
mean      = 129.0000 108.0000 103.0000
sigma     = 10000.0000
1 4 4
9.999240040779114e-01 5.582483019679785e-03 -1.099322270601988e-02 5.134401321411133e-01 
-5.582145880907774e-03 9.999844431877136e-01 6.137043965281919e-05 4.171035385131836e+01 
1.099339406937361e-02 0.000000000000000e+00 9.999396204948425e-01 3.659828567504883e+01 
0.000000000000000e+00 0.000000000000000e+00 0.000000000000000e+00 1.000000000000000e+00 
src volume info
valid = 1  # volume info valid
filename = /usr/local/freesurfer/subjects/3517/mri/norm.mgz
volume = 256 256 256
voxelsize = 1.000000000000000e+00 1.000000000000000e+00 1.000000000000000e+00
xras   = -9.999999403953552e-01 0.000000000000000e+00 0.000000000000000e+00
yras   = 0.000000000000000e+00 0.000000000000000e+00 -1.000000000000000e+00
zras   = 0.000000000000000e+00 1.000000000000000e+00 0.000000000000000e+00
cras   = 2.508052978515625e+02 3.038531799316406e+02 5.524782104492188e+02
dst volume info
valid = 1  # volume info valid
filename = /usr/local/freesurfer/subjects/3517/mri/norm.mgz
volume = 256 256 256
voxelsize = 1.000000000000000e+00 1.000000000000000e+00 1.000000000000000e+00
xras   = -9.999999403953552e-01 0.000000000000000e+00 0.000000000000000e+00
yras   = 0.000000000000000e+00 0.000000000000000e+00 -1.000000000000000e+00
zras   = 0.000000000000000e+00 1.000000000000000e+00 0.000000000000000e+00
cras   = 2.508052978515625e+02 3.038531799316406e+02 5.524782104492188e+02
