# transform file transforms/talairach_with_skull.lta
# created by ubuntu on Mon Jan  8 20:05:31 2018

type      = 0 # LINEAR_VOX_TO_VOX
nxforms   = 1
mean      = 134.0000 135.0000 119.0000
sigma     = 10000.0000
1 4 4
1.068573117256165e+00 1.164455991238356e-02 -1.541540957987309e-02 -1.063576412200928e+01 
-7.627713494002819e-03 1.215764284133911e+00 1.858778893947601e-01 -1.733141708374023e+01 
1.721205748617649e-02 -1.657624542713165e-01 1.027312874794006e+00 1.981015968322754e+01 
0.000000000000000e+00 0.000000000000000e+00 0.000000000000000e+00 1.000000000000000e+00 
src volume info
valid = 1  # volume info valid
filename = nu.mgz
volume = 256 256 256
voxelsize = 1.000000000000000e+00 1.000000000000000e+00 1.000000000000000e+00
xras   = -9.999999403953552e-01 0.000000000000000e+00 0.000000000000000e+00
yras   = 0.000000000000000e+00 0.000000000000000e+00 -1.000000000000000e+00
zras   = 0.000000000000000e+00 1.000000000000000e+00 0.000000000000000e+00
cras   = 2.508052978515625e+02 3.038531799316406e+02 5.524782104492188e+02
dst volume info
valid = 1  # volume info valid
filename = /usr/local/freesurfer/average/RB_all_withskull_2016-05-10.vc700.gca
volume = 256 256 256
voxelsize = 1.000000000000000e+00 1.000000000000000e+00 1.000000000000000e+00
xras   = -1.000000000000000e+00 0.000000000000000e+00 0.000000000000000e+00
yras   = 0.000000000000000e+00 0.000000000000000e+00 -1.000000000000000e+00
zras   = 0.000000000000000e+00 1.000000000000000e+00 0.000000000000000e+00
cras   = 0.000000000000000e+00 0.000000000000000e+00 0.000000000000000e+00
