# transform file /usr/local/freesurfer/subjects/3589/mri/transforms/cc_up.lta
# created by ubuntu on Fri Jan 19 16:03:39 2018

type      = 0 # LINEAR_VOX_TO_VOX
nxforms   = 1
mean      = 132.0000 147.0000 103.0000
sigma     = 10000.0000
1 4 4
9.964289665222168e-01 -2.650114148855209e-02 8.016874641180038e-02 -7.604303359985352e+00 
2.641578204929829e-02 9.996488094329834e-01 2.125309547409415e-03 -7.614792346954346e+00 
-8.019691705703735e-02 2.328306436538696e-10 9.967790842056274e-01 5.685010528564453e+01 
0.000000000000000e+00 0.000000000000000e+00 0.000000000000000e+00 1.000000000000000e+00 
src volume info
valid = 1  # volume info valid
filename = /usr/local/freesurfer/subjects/3589/mri/norm.mgz
volume = 256 256 256
voxelsize = 1.000000000000000e+00 1.000000000000000e+00 1.000000000000000e+00
xras   = -1.000000000000000e+00 0.000000000000000e+00 0.000000000000000e+00
yras   = 0.000000000000000e+00 0.000000000000000e+00 -1.000000000000000e+00
zras   = 0.000000000000000e+00 1.000000000000000e+00 0.000000000000000e+00
cras   = 1.674447021484375e+02 2.725000000000000e+02 5.339596557617188e+02
dst volume info
valid = 1  # volume info valid
filename = /usr/local/freesurfer/subjects/3589/mri/norm.mgz
volume = 256 256 256
voxelsize = 1.000000000000000e+00 1.000000000000000e+00 1.000000000000000e+00
xras   = -1.000000000000000e+00 0.000000000000000e+00 0.000000000000000e+00
yras   = 0.000000000000000e+00 0.000000000000000e+00 -1.000000000000000e+00
zras   = 0.000000000000000e+00 1.000000000000000e+00 0.000000000000000e+00
cras   = 1.674447021484375e+02 2.725000000000000e+02 5.339596557617188e+02
