# transform file /usr/local/freesurfer/subjects/3807/mri/transforms/cc_up.lta
# created by ubuntu on Fri Jan 12 11:58:18 2018

type      = 0 # LINEAR_VOX_TO_VOX
nxforms   = 1
mean      = 129.0000 100.0000 116.0000
sigma     = 10000.0000
1 4 4
9.998872876167297e-01 -1.501322351396084e-02 -4.376222204882652e-04 -1.870372891426086e-01 
1.501322258263826e-02 9.998873472213745e-01 -6.570860477950191e-06 3.706525421142578e+01 
4.376715514808893e-04 0.000000000000000e+00 1.000000000000000e+00 3.094329833984375e+01 
0.000000000000000e+00 0.000000000000000e+00 0.000000000000000e+00 1.000000000000000e+00 
src volume info
valid = 1  # volume info valid
filename = /usr/local/freesurfer/subjects/3807/mri/norm.mgz
volume = 256 256 256
voxelsize = 1.000000000000000e+00 1.000000000000000e+00 1.000000000000000e+00
xras   = -1.000000000000000e+00 0.000000000000000e+00 0.000000000000000e+00
yras   = 0.000000000000000e+00 0.000000000000000e+00 -1.000000000000000e+00
zras   = 0.000000000000000e+00 1.000000000000000e+00 0.000000000000000e+00
cras   = 2.225921020507812e+02 2.707400207519531e+02 4.992384033203125e+02
dst volume info
valid = 1  # volume info valid
filename = /usr/local/freesurfer/subjects/3807/mri/norm.mgz
volume = 256 256 256
voxelsize = 1.000000000000000e+00 1.000000000000000e+00 1.000000000000000e+00
xras   = -1.000000000000000e+00 0.000000000000000e+00 0.000000000000000e+00
yras   = 0.000000000000000e+00 0.000000000000000e+00 -1.000000000000000e+00
zras   = 0.000000000000000e+00 1.000000000000000e+00 0.000000000000000e+00
cras   = 2.225921020507812e+02 2.707400207519531e+02 4.992384033203125e+02
