# transform file /usr/local/freesurfer/subjects/3771/mri/transforms/cc_up.lta
# created by ubuntu on Thu Jan 11 11:23:51 2018

type      = 0 # LINEAR_VOX_TO_VOX
nxforms   = 1
mean      = 125.0000 127.0000 124.0000
sigma     = 10000.0000
1 4 4
9.998592138290405e-01 9.356555528938770e-03 -1.393164042383432e-02 4.367202281951904e+00 
-9.355647489428520e-03 9.999562501907349e-01 1.303578610531986e-04 1.316110420227051e+01 
1.393225137144327e-02 0.000000000000000e+00 9.999030232429504e-01 2.326847076416016e+01 
0.000000000000000e+00 0.000000000000000e+00 0.000000000000000e+00 1.000000000000000e+00 
src volume info
valid = 1  # volume info valid
filename = /usr/local/freesurfer/subjects/3771/mri/norm.mgz
volume = 256 256 256
voxelsize = 1.000000000000000e+00 1.000000000000000e+00 1.000000000000000e+00
xras   = -1.000000000000000e+00 0.000000000000000e+00 0.000000000000000e+00
yras   = 0.000000000000000e+00 0.000000000000000e+00 -1.000000000000000e+00
zras   = 0.000000000000000e+00 1.000000000000000e+00 0.000000000000000e+00
cras   = 1.999129943847656e+02 2.886137695312500e+02 5.070146484375000e+02
dst volume info
valid = 1  # volume info valid
filename = /usr/local/freesurfer/subjects/3771/mri/norm.mgz
volume = 256 256 256
voxelsize = 1.000000000000000e+00 1.000000000000000e+00 1.000000000000000e+00
xras   = -1.000000000000000e+00 0.000000000000000e+00 0.000000000000000e+00
yras   = 0.000000000000000e+00 0.000000000000000e+00 -1.000000000000000e+00
zras   = 0.000000000000000e+00 1.000000000000000e+00 0.000000000000000e+00
cras   = 1.999129943847656e+02 2.886137695312500e+02 5.070146484375000e+02
