# transform file /usr/local/freesurfer/subjects/3954/mri/transforms/cc_up.lta
# created by ubuntu on Sun Jan 14 07:52:26 2018

type      = 0 # LINEAR_VOX_TO_VOX
nxforms   = 1
mean      = 130.0000 106.0000 122.0000
sigma     = 10000.0000
1 4 4
9.934753179550171e-01 3.945070784538984e-03 -1.139790713787079e-01 1.153419208526611e+01 
-3.919360693544149e-03 9.999921917915344e-01 4.496589535847306e-04 3.945877075195312e+01 
1.139799579977989e-01 0.000000000000000e+00 9.934830069541931e-01 1.200924015045166e+01 
0.000000000000000e+00 0.000000000000000e+00 0.000000000000000e+00 1.000000000000000e+00 
src volume info
valid = 1  # volume info valid
filename = /usr/local/freesurfer/subjects/3954/mri/norm.mgz
volume = 256 256 256
voxelsize = 1.000000000000000e+00 1.000000000000000e+00 1.000000000000000e+00
xras   = -1.000000000000000e+00 0.000000000000000e+00 0.000000000000000e+00
yras   = 0.000000000000000e+00 0.000000000000000e+00 -9.999999403953552e-01
zras   = 0.000000000000000e+00 9.999999403953552e-01 0.000000000000000e+00
cras   = 2.158500061035156e+02 2.853966674804688e+02 5.183359985351562e+02
dst volume info
valid = 1  # volume info valid
filename = /usr/local/freesurfer/subjects/3954/mri/norm.mgz
volume = 256 256 256
voxelsize = 1.000000000000000e+00 1.000000000000000e+00 1.000000000000000e+00
xras   = -1.000000000000000e+00 0.000000000000000e+00 0.000000000000000e+00
yras   = 0.000000000000000e+00 0.000000000000000e+00 -9.999999403953552e-01
zras   = 0.000000000000000e+00 9.999999403953552e-01 0.000000000000000e+00
cras   = 2.158500061035156e+02 2.853966674804688e+02 5.183359985351562e+02
