# transform file /usr/local/freesurfer/subjects/4139/mri/transforms/cc_up.lta
# created by ubuntu on Wed Jan 17 04:36:56 2018

type      = 0 # LINEAR_VOX_TO_VOX
nxforms   = 1
mean      = 130.0000 118.0000 112.0000
sigma     = 10000.0000
1 4 4
9.996005296707153e-01 -2.592185698449612e-02 -1.126893889158964e-02 3.382640361785889e+00 
2.592021040618420e-02 9.996640086174011e-01 -2.922099956776947e-04 1.370535469055176e+01 
1.127272658050060e-02 0.000000000000000e+00 9.999365210533142e-01 2.654458045959473e+01 
0.000000000000000e+00 0.000000000000000e+00 0.000000000000000e+00 1.000000000000000e+00 
src volume info
valid = 1  # volume info valid
filename = /usr/local/freesurfer/subjects/4139/mri/norm.mgz
volume = 256 256 256
voxelsize = 1.000000000000000e+00 1.000000000000000e+00 1.000000000000000e+00
xras   = -1.000000000000000e+00 0.000000000000000e+00 0.000000000000000e+00
yras   = 0.000000000000000e+00 0.000000000000000e+00 -1.000000000000000e+00
zras   = 0.000000000000000e+00 1.000000000000000e+00 0.000000000000000e+00
cras   = 2.118169250488281e+02 2.758898315429688e+02 5.081831054687500e+02
dst volume info
valid = 1  # volume info valid
filename = /usr/local/freesurfer/subjects/4139/mri/norm.mgz
volume = 256 256 256
voxelsize = 1.000000000000000e+00 1.000000000000000e+00 1.000000000000000e+00
xras   = -1.000000000000000e+00 0.000000000000000e+00 0.000000000000000e+00
yras   = 0.000000000000000e+00 0.000000000000000e+00 -1.000000000000000e+00
zras   = 0.000000000000000e+00 1.000000000000000e+00 0.000000000000000e+00
cras   = 2.118169250488281e+02 2.758898315429688e+02 5.081831054687500e+02
