# transform file /usr/local/freesurfer/subjects/4075/mri/transforms/cc_up.lta
# created by ubuntu on Tue Jan 16 03:36:46 2018

type      = 0 # LINEAR_VOX_TO_VOX
nxforms   = 1
mean      = 129.0000 126.0000 124.0000
sigma     = 10000.0000
1 4 4
9.984230399131775e-01 4.880728200078011e-02 -2.773277275264263e-02 -3.954743623733521e+00 
-4.878846183419228e-02 9.988081455230713e-01 1.355176558718085e-03 2.927388763427734e+01 
2.776586264371872e-02 0.000000000000000e+00 9.996143579483032e-01 1.145711994171143e+01 
0.000000000000000e+00 0.000000000000000e+00 0.000000000000000e+00 1.000000000000000e+00 
src volume info
valid = 1  # volume info valid
filename = /usr/local/freesurfer/subjects/4075/mri/norm.mgz
volume = 256 256 256
voxelsize = 1.000000000000000e+00 1.000000000000000e+00 1.000000000000000e+00
xras   = -1.000000000000000e+00 0.000000000000000e+00 0.000000000000000e+00
yras   = 0.000000000000000e+00 0.000000000000000e+00 -9.999999403953552e-01
zras   = 0.000000000000000e+00 9.999999403953552e-01 0.000000000000000e+00
cras   = 2.144098510742188e+02 2.910707397460938e+02 4.960000000000000e+02
dst volume info
valid = 1  # volume info valid
filename = /usr/local/freesurfer/subjects/4075/mri/norm.mgz
volume = 256 256 256
voxelsize = 1.000000000000000e+00 1.000000000000000e+00 1.000000000000000e+00
xras   = -1.000000000000000e+00 0.000000000000000e+00 0.000000000000000e+00
yras   = 0.000000000000000e+00 0.000000000000000e+00 -9.999999403953552e-01
zras   = 0.000000000000000e+00 9.999999403953552e-01 0.000000000000000e+00
cras   = 2.144098510742188e+02 2.910707397460938e+02 4.960000000000000e+02
