# transform file /usr/local/freesurfer/subjects/3171/mri/transforms/cc_up.lta
# created by ubuntu on Mon Jan  1 05:32:35 2018

type      = 0 # LINEAR_VOX_TO_VOX
nxforms   = 1
mean      = 127.0000 114.0000 123.0000
sigma     = 10000.0000
1 4 4
9.997413754463196e-01 -2.250136807560921e-02 -3.322158940136433e-03 2.523628234863281e+00 
2.250124514102936e-02 9.997468590736389e-01 -7.477205508621410e-05 3.115209388732910e+01 
3.323000157251954e-03 7.275958481545164e-12 9.999945163726807e-01 1.457527923583984e+01 
0.000000000000000e+00 0.000000000000000e+00 0.000000000000000e+00 1.000000000000000e+00 
src volume info
valid = 1  # volume info valid
filename = /usr/local/freesurfer/subjects/3171/mri/norm.mgz
volume = 256 256 256
voxelsize = 1.000000000000000e+00 1.000000000000000e+00 1.000000000000000e+00
xras   = -1.000000000000000e+00 0.000000000000000e+00 0.000000000000000e+00
yras   = 0.000000000000000e+00 0.000000000000000e+00 -1.000000000000000e+00
zras   = 0.000000000000000e+00 1.000000000000000e+00 0.000000000000000e+00
cras   = 1.993213500976562e+02 2.868574829101562e+02 5.300026855468750e+02
dst volume info
valid = 1  # volume info valid
filename = /usr/local/freesurfer/subjects/3171/mri/norm.mgz
volume = 256 256 256
voxelsize = 1.000000000000000e+00 1.000000000000000e+00 1.000000000000000e+00
xras   = -1.000000000000000e+00 0.000000000000000e+00 0.000000000000000e+00
yras   = 0.000000000000000e+00 0.000000000000000e+00 -1.000000000000000e+00
zras   = 0.000000000000000e+00 1.000000000000000e+00 0.000000000000000e+00
cras   = 1.993213500976562e+02 2.868574829101562e+02 5.300026855468750e+02
