# transform file /usr/local/freesurfer/subjects/4076/mri/transforms/cc_up.lta
# created by ubuntu on Tue Jan 16 05:26:08 2018

type      = 0 # LINEAR_VOX_TO_VOX
nxforms   = 1
mean      = 129.0000 127.0000 109.0000
sigma     = 10000.0000
1 4 4
9.983820319175720e-01 4.061892628669739e-02 -3.979266434907913e-02 -1.019809722900391e+00 
-4.058669880032539e-02 9.991747736930847e-01 1.617670175619423e-03 1.418733406066895e+01 
3.982552886009216e-02 1.164153218269348e-10 9.992066621780396e-01 4.094121170043945e+01 
0.000000000000000e+00 0.000000000000000e+00 0.000000000000000e+00 1.000000000000000e+00 
src volume info
valid = 1  # volume info valid
filename = /usr/local/freesurfer/subjects/4076/mri/norm.mgz
volume = 256 256 256
voxelsize = 1.000000000000000e+00 1.000000000000000e+00 1.000000000000000e+00
xras   = -1.000000000000000e+00 0.000000000000000e+00 0.000000000000000e+00
yras   = 0.000000000000000e+00 0.000000000000000e+00 -9.999999403953552e-01
zras   = 0.000000000000000e+00 9.999999403953552e-01 0.000000000000000e+00
cras   = 1.412634735107422e+02 2.910707397460938e+02 5.059512023925781e+02
dst volume info
valid = 1  # volume info valid
filename = /usr/local/freesurfer/subjects/4076/mri/norm.mgz
volume = 256 256 256
voxelsize = 1.000000000000000e+00 1.000000000000000e+00 1.000000000000000e+00
xras   = -1.000000000000000e+00 0.000000000000000e+00 0.000000000000000e+00
yras   = 0.000000000000000e+00 0.000000000000000e+00 -9.999999403953552e-01
zras   = 0.000000000000000e+00 9.999999403953552e-01 0.000000000000000e+00
cras   = 1.412634735107422e+02 2.910707397460938e+02 5.059512023925781e+02
