# transform file /usr/local/freesurfer/subjects/3518/mri/transforms/cc_up.lta
# created by ubuntu on Tue Jan  9 04:31:20 2018

type      = 0 # LINEAR_VOX_TO_VOX
nxforms   = 1
mean      = 128.0000 131.0000 106.0000
sigma     = 10000.0000
1 4 4
9.995843768119812e-01 2.794357948005199e-02 -7.074954453855753e-03 -1.538143634796143e+00 
-2.794287912547588e-02 9.996094107627869e-01 1.977767969947308e-04 1.657624816894531e+01 
7.077718153595924e-03 0.000000000000000e+00 9.999749064445496e-01 3.910333633422852e+01 
0.000000000000000e+00 0.000000000000000e+00 0.000000000000000e+00 1.000000000000000e+00 
src volume info
valid = 1  # volume info valid
filename = /usr/local/freesurfer/subjects/3518/mri/norm.mgz
volume = 256 256 256
voxelsize = 1.000000000000000e+00 1.000000000000000e+00 1.000000000000000e+00
xras   = -9.999999403953552e-01 0.000000000000000e+00 0.000000000000000e+00
yras   = 0.000000000000000e+00 0.000000000000000e+00 -1.000000000000000e+00
zras   = 0.000000000000000e+00 1.000000000000000e+00 0.000000000000000e+00
cras   = 2.566264648437500e+02 3.239479064941406e+02 5.718793334960938e+02
dst volume info
valid = 1  # volume info valid
filename = /usr/local/freesurfer/subjects/3518/mri/norm.mgz
volume = 256 256 256
voxelsize = 1.000000000000000e+00 1.000000000000000e+00 1.000000000000000e+00
xras   = -9.999999403953552e-01 0.000000000000000e+00 0.000000000000000e+00
yras   = 0.000000000000000e+00 0.000000000000000e+00 -1.000000000000000e+00
zras   = 0.000000000000000e+00 1.000000000000000e+00 0.000000000000000e+00
cras   = 2.566264648437500e+02 3.239479064941406e+02 5.718793334960938e+02
