# transform file /usr/local/freesurfer/subjects/3775/mri/transforms/cc_up.lta
# created by ubuntu on Thu Jan 11 12:14:57 2018

type      = 0 # LINEAR_VOX_TO_VOX
nxforms   = 1
mean      = 130.0000 124.0000 127.0000
sigma     = 10000.0000
1 4 4
9.961900115013123e-01 6.810331344604492e-02 -5.447591096162796e-02 -2.445278644561768e+00 
-6.800171732902527e-02 9.976783394813538e-01 3.718623192980886e-03 3.166008567810059e+01 
5.460268259048462e-02 2.328306714094452e-10 9.985082745552063e-01 7.071721076965332e+00 
0.000000000000000e+00 0.000000000000000e+00 0.000000000000000e+00 1.000000000000000e+00 
src volume info
valid = 1  # volume info valid
filename = /usr/local/freesurfer/subjects/3775/mri/norm.mgz
volume = 256 256 256
voxelsize = 1.000000000000000e+00 1.000000000000000e+00 1.000000000000000e+00
xras   = -1.000000000000000e+00 0.000000000000000e+00 0.000000000000000e+00
yras   = 0.000000000000000e+00 0.000000000000000e+00 -1.000000000000000e+00
zras   = 0.000000000000000e+00 1.000000000000000e+00 0.000000000000000e+00
cras   = 2.520530090332031e+02 2.871306152343750e+02 4.698719482421875e+02
dst volume info
valid = 1  # volume info valid
filename = /usr/local/freesurfer/subjects/3775/mri/norm.mgz
volume = 256 256 256
voxelsize = 1.000000000000000e+00 1.000000000000000e+00 1.000000000000000e+00
xras   = -1.000000000000000e+00 0.000000000000000e+00 0.000000000000000e+00
yras   = 0.000000000000000e+00 0.000000000000000e+00 -1.000000000000000e+00
zras   = 0.000000000000000e+00 1.000000000000000e+00 0.000000000000000e+00
cras   = 2.520530090332031e+02 2.871306152343750e+02 4.698719482421875e+02
