# transform file /usr/local/freesurfer/subjects/3770/mri/transforms/cc_up.lta
# created by ubuntu on Thu Jan 11 11:43:50 2018

type      = 0 # LINEAR_VOX_TO_VOX
nxforms   = 1
mean      = 126.0000 143.0000 125.0000
sigma     = 10000.0000
1 4 4
9.980079531669617e-01 6.235685944557190e-02 9.591240435838699e-03 -9.391180992126465e+00 
-6.235397979617119e-02 9.980540275573730e-01 -5.992457736283541e-04 1.534805011749268e+01 
-9.609942324459553e-03 5.820766785236131e-11 9.999539256095886e-01 1.424499511718750e+01 
0.000000000000000e+00 0.000000000000000e+00 0.000000000000000e+00 1.000000000000000e+00 
src volume info
valid = 1  # volume info valid
filename = /usr/local/freesurfer/subjects/3770/mri/norm.mgz
volume = 256 256 256
voxelsize = 1.000000000000000e+00 1.000000000000000e+00 1.000000000000000e+00
xras   = -1.000000000000000e+00 0.000000000000000e+00 0.000000000000000e+00
yras   = 0.000000000000000e+00 0.000000000000000e+00 -1.000000000000000e+00
zras   = 0.000000000000000e+00 1.000000000000000e+00 0.000000000000000e+00
cras   = 1.909440307617188e+02 2.703862304687500e+02 5.335783691406250e+02
dst volume info
valid = 1  # volume info valid
filename = /usr/local/freesurfer/subjects/3770/mri/norm.mgz
volume = 256 256 256
voxelsize = 1.000000000000000e+00 1.000000000000000e+00 1.000000000000000e+00
xras   = -1.000000000000000e+00 0.000000000000000e+00 0.000000000000000e+00
yras   = 0.000000000000000e+00 0.000000000000000e+00 -1.000000000000000e+00
zras   = 0.000000000000000e+00 1.000000000000000e+00 0.000000000000000e+00
cras   = 1.909440307617188e+02 2.703862304687500e+02 5.335783691406250e+02
