# transform file /usr/local/freesurfer/subjects/3955/mri/transforms/cc_up.lta
# created by ubuntu on Thu Jan 18 11:42:58 2018

type      = 0 # LINEAR_VOX_TO_VOX
nxforms   = 1
mean      = 131.0000 107.0000 112.0000
sigma     = 10000.0000
1 4 4
9.876716732978821e-01 -1.561407744884491e-01 1.117766276001930e-02 1.620989990234375e+01 
1.561307758092880e-01 9.877349138259888e-01 1.766960951499641e-03 2.224793815612793e+01 
-1.131646148860455e-02 0.000000000000000e+00 9.999360442161560e-01 4.643118667602539e+01 
0.000000000000000e+00 0.000000000000000e+00 0.000000000000000e+00 1.000000000000000e+00 
src volume info
valid = 1  # volume info valid
filename = /usr/local/freesurfer/subjects/3955/mri/norm.mgz
volume = 256 256 256
voxelsize = 1.000000000000000e+00 1.000000000000000e+00 1.000000000000000e+00
xras   = -1.000000000000000e+00 0.000000000000000e+00 0.000000000000000e+00
yras   = 0.000000000000000e+00 0.000000000000000e+00 -1.000000000000000e+00
zras   = 0.000000000000000e+00 1.000000000000000e+00 0.000000000000000e+00
cras   = 2.136549377441406e+02 2.846649780273438e+02 5.358969726562500e+02
dst volume info
valid = 1  # volume info valid
filename = /usr/local/freesurfer/subjects/3955/mri/norm.mgz
volume = 256 256 256
voxelsize = 1.000000000000000e+00 1.000000000000000e+00 1.000000000000000e+00
xras   = -1.000000000000000e+00 0.000000000000000e+00 0.000000000000000e+00
yras   = 0.000000000000000e+00 0.000000000000000e+00 -1.000000000000000e+00
zras   = 0.000000000000000e+00 1.000000000000000e+00 0.000000000000000e+00
cras   = 2.136549377441406e+02 2.846649780273438e+02 5.358969726562500e+02
