# transform file /usr/local/freesurfer/subjects/3952/mri/transforms/cc_up.lta
# created by ubuntu on Sun Jan 14 08:03:19 2018

type      = 0 # LINEAR_VOX_TO_VOX
nxforms   = 1
mean      = 129.0000 102.0000 118.0000
sigma     = 10000.0000
1 4 4
9.980403184890747e-01 -6.744494385202415e-06 6.257600337266922e-02 -8.687332153320312e+00 
6.731276243954198e-06 1.000000000000000e+00 4.220434277613094e-07 3.199908256530762e+01 
-6.257600337266922e-02 2.842171281853580e-14 9.980403184890747e-01 4.138363647460938e+01 
0.000000000000000e+00 0.000000000000000e+00 0.000000000000000e+00 1.000000000000000e+00 
src volume info
valid = 1  # volume info valid
filename = /usr/local/freesurfer/subjects/3952/mri/norm.mgz
volume = 256 256 256
voxelsize = 1.000000000000000e+00 1.000000000000000e+00 1.000000000000000e+00
xras   = -1.000000000000000e+00 0.000000000000000e+00 0.000000000000000e+00
yras   = 0.000000000000000e+00 0.000000000000000e+00 -9.999999403953552e-01
zras   = 0.000000000000000e+00 9.999999403953552e-01 0.000000000000000e+00
cras   = 1.931669921875000e+02 2.883235778808594e+02 5.205310058593750e+02
dst volume info
valid = 1  # volume info valid
filename = /usr/local/freesurfer/subjects/3952/mri/norm.mgz
volume = 256 256 256
voxelsize = 1.000000000000000e+00 1.000000000000000e+00 1.000000000000000e+00
xras   = -1.000000000000000e+00 0.000000000000000e+00 0.000000000000000e+00
yras   = 0.000000000000000e+00 0.000000000000000e+00 -9.999999403953552e-01
zras   = 0.000000000000000e+00 9.999999403953552e-01 0.000000000000000e+00
cras   = 1.931669921875000e+02 2.883235778808594e+02 5.205310058593750e+02
