# transform file /usr/local/freesurfer/subjects/3380/mri/transforms/cc_up.lta
# created by ubuntu on Thu Jan  4 05:20:58 2018

type      = 0 # LINEAR_VOX_TO_VOX
nxforms   = 1
mean      = 130.0000 142.0000 117.0000
sigma     = 10000.0000
1 4 4
9.986751675605774e-01 -4.153995960950851e-02 3.036796674132347e-02 1.343546628952026e+00 
4.152076691389084e-02 9.991368055343628e-01 1.262573990970850e-03 2.630484342575073e+00 
-3.039420209825039e-02 0.000000000000000e+00 9.995379447937012e-01 2.695790863037109e+01 
0.000000000000000e+00 0.000000000000000e+00 0.000000000000000e+00 1.000000000000000e+00 
src volume info
valid = 1  # volume info valid
filename = /usr/local/freesurfer/subjects/3380/mri/norm.mgz
volume = 256 256 256
voxelsize = 1.000000000000000e+00 1.000000000000000e+00 1.000000000000000e+00
xras   = -1.000000000000000e+00 0.000000000000000e+00 0.000000000000000e+00
yras   = 0.000000000000000e+00 0.000000000000000e+00 -1.000000000000000e+00
zras   = 0.000000000000000e+00 1.000000000000000e+00 0.000000000000000e+00
cras   = 1.978805847167969e+02 3.075960998535156e+02 5.265980224609375e+02
dst volume info
valid = 1  # volume info valid
filename = /usr/local/freesurfer/subjects/3380/mri/norm.mgz
volume = 256 256 256
voxelsize = 1.000000000000000e+00 1.000000000000000e+00 1.000000000000000e+00
xras   = -1.000000000000000e+00 0.000000000000000e+00 0.000000000000000e+00
yras   = 0.000000000000000e+00 0.000000000000000e+00 -1.000000000000000e+00
zras   = 0.000000000000000e+00 1.000000000000000e+00 0.000000000000000e+00
cras   = 1.978805847167969e+02 3.075960998535156e+02 5.265980224609375e+02
