# transform file /usr/local/freesurfer/subjects/3285/mri/transforms/cc_up.lta
# created by ubuntu on Tue Jan  2 09:17:59 2018

type      = 0 # LINEAR_VOX_TO_VOX
nxforms   = 1
mean      = 130.0000 116.0000 113.0000
sigma     = 10000.0000
1 4 4
9.996620416641235e-01 2.596344426274300e-02 1.295286812819541e-03 -4.837783336639404e+00 
-2.596342377364635e-02 9.996628761291504e-01 -3.364144868100993e-05 2.441400146484375e+01 
-1.295723603107035e-03 0.000000000000000e+00 9.999991655349731e-01 4.816850280761719e+01 
0.000000000000000e+00 0.000000000000000e+00 0.000000000000000e+00 1.000000000000000e+00 
src volume info
valid = 1  # volume info valid
filename = /usr/local/freesurfer/subjects/3285/mri/norm.mgz
volume = 256 256 256
voxelsize = 1.000000000000000e+00 1.000000000000000e+00 1.000000000000000e+00
xras   = -1.000000000000000e+00 0.000000000000000e+00 0.000000000000000e+00
yras   = 0.000000000000000e+00 0.000000000000000e+00 -1.000000000000000e+00
zras   = 0.000000000000000e+00 1.000000000000000e+00 0.000000000000000e+00
cras   = 2.405880584716797e+02 2.978410034179688e+02 5.427797851562500e+02
dst volume info
valid = 1  # volume info valid
filename = /usr/local/freesurfer/subjects/3285/mri/norm.mgz
volume = 256 256 256
voxelsize = 1.000000000000000e+00 1.000000000000000e+00 1.000000000000000e+00
xras   = -1.000000000000000e+00 0.000000000000000e+00 0.000000000000000e+00
yras   = 0.000000000000000e+00 0.000000000000000e+00 -1.000000000000000e+00
zras   = 0.000000000000000e+00 1.000000000000000e+00 0.000000000000000e+00
cras   = 2.405880584716797e+02 2.978410034179688e+02 5.427797851562500e+02
