# transform file /usr/local/freesurfer/subjects/3622/mri/transforms/cc_up.lta
# created by ubuntu on Wed Jan 10 10:41:51 2018

type      = 0 # LINEAR_VOX_TO_VOX
nxforms   = 1
mean      = 129.0000 123.0000 128.0000
sigma     = 10000.0000
1 4 4
9.975907206535339e-01 1.761498115956783e-02 6.710205227136612e-02 -8.255682945251465e+00 
-1.757526770234108e-02 9.998449087142944e-01 -1.182184903882444e-03 1.740060424804688e+01 
-6.711246818304062e-02 2.328306714094452e-10 9.977455139160156e-01 3.887845993041992e+01 
0.000000000000000e+00 0.000000000000000e+00 0.000000000000000e+00 1.000000000000000e+00 
src volume info
valid = 1  # volume info valid
filename = /usr/local/freesurfer/subjects/3622/mri/norm.mgz
volume = 256 256 256
voxelsize = 1.000000000000000e+00 1.000000000000000e+00 1.000000000000000e+00
xras   = -1.000000000000000e+00 0.000000000000000e+00 0.000000000000000e+00
yras   = 0.000000000000000e+00 0.000000000000000e+00 -1.000000000000000e+00
zras   = 0.000000000000000e+00 1.000000000000000e+00 0.000000000000000e+00
cras   = 2.252620544433594e+02 3.067506103515625e+02 5.265811157226562e+02
dst volume info
valid = 1  # volume info valid
filename = /usr/local/freesurfer/subjects/3622/mri/norm.mgz
volume = 256 256 256
voxelsize = 1.000000000000000e+00 1.000000000000000e+00 1.000000000000000e+00
xras   = -1.000000000000000e+00 0.000000000000000e+00 0.000000000000000e+00
yras   = 0.000000000000000e+00 0.000000000000000e+00 -1.000000000000000e+00
zras   = 0.000000000000000e+00 1.000000000000000e+00 0.000000000000000e+00
cras   = 2.252620544433594e+02 3.067506103515625e+02 5.265811157226562e+02
