# transform file /usr/local/freesurfer/subjects/3588/mri/transforms/cc_up.lta
# created by ubuntu on Fri Jan 19 15:45:21 2018

type      = 0 # LINEAR_VOX_TO_VOX
nxforms   = 1
mean      = 130.0000 129.0000 117.0000
sigma     = 10000.0000
1 4 4
9.908476471900940e-01 -1.288920640945435e-01 4.009670019149780e-02 1.296809387207031e+01 
1.287866532802582e-01 9.916586279869080e-01 5.211618728935719e-03 1.114904522895813e+00 
-4.043397679924965e-02 -4.656612873077393e-10 9.991822242736816e-01 2.919287872314453e+01 
0.000000000000000e+00 0.000000000000000e+00 0.000000000000000e+00 1.000000000000000e+00 
src volume info
valid = 1  # volume info valid
filename = /usr/local/freesurfer/subjects/3588/mri/norm.mgz
volume = 256 256 256
voxelsize = 1.000000000000000e+00 1.000000000000000e+00 1.000000000000000e+00
xras   = -1.000000000000000e+00 0.000000000000000e+00 0.000000000000000e+00
yras   = 0.000000000000000e+00 0.000000000000000e+00 -1.000000000000000e+00
zras   = 0.000000000000000e+00 1.000000000000000e+00 0.000000000000000e+00
cras   = 2.051525268554688e+02 2.927520446777344e+02 5.325751953125000e+02
dst volume info
valid = 1  # volume info valid
filename = /usr/local/freesurfer/subjects/3588/mri/norm.mgz
volume = 256 256 256
voxelsize = 1.000000000000000e+00 1.000000000000000e+00 1.000000000000000e+00
xras   = -1.000000000000000e+00 0.000000000000000e+00 0.000000000000000e+00
yras   = 0.000000000000000e+00 0.000000000000000e+00 -1.000000000000000e+00
zras   = 0.000000000000000e+00 1.000000000000000e+00 0.000000000000000e+00
cras   = 2.051525268554688e+02 2.927520446777344e+02 5.325751953125000e+02
