# transform file /usr/local/freesurfer/subjects/4126/mri/transforms/cc_up.lta
# created by ubuntu on Wed Jan 17 06:09:19 2018

type      = 0 # LINEAR_VOX_TO_VOX
nxforms   = 1
mean      = 126.0000 128.0000 125.0000
sigma     = 10000.0000
1 4 4
9.997850060462952e-01 -1.222287490963936e-02 1.674906723201275e-02 2.086041688919067e+00 
1.222116034477949e-02 9.999253153800964e-01 2.047370508080348e-04 1.845278739929199e+01 
-1.675031892955303e-02 0.000000000000000e+00 9.998596906661987e-01 1.311525344848633e+01 
0.000000000000000e+00 0.000000000000000e+00 0.000000000000000e+00 1.000000000000000e+00 
src volume info
valid = 1  # volume info valid
filename = /usr/local/freesurfer/subjects/4126/mri/norm.mgz
volume = 256 256 256
voxelsize = 1.000000000000000e+00 1.000000000000000e+00 1.000000000000000e+00
xras   = -1.000000000000000e+00 0.000000000000000e+00 0.000000000000000e+00
yras   = 0.000000000000000e+00 0.000000000000000e+00 -1.000000000000000e+00
zras   = 0.000000000000000e+00 1.000000000000000e+00 0.000000000000000e+00
cras   = 1.876006164550781e+02 2.693197631835938e+02 4.884582519531250e+02
dst volume info
valid = 1  # volume info valid
filename = /usr/local/freesurfer/subjects/4126/mri/norm.mgz
volume = 256 256 256
voxelsize = 1.000000000000000e+00 1.000000000000000e+00 1.000000000000000e+00
xras   = -1.000000000000000e+00 0.000000000000000e+00 0.000000000000000e+00
yras   = 0.000000000000000e+00 0.000000000000000e+00 -1.000000000000000e+00
zras   = 0.000000000000000e+00 1.000000000000000e+00 0.000000000000000e+00
cras   = 1.876006164550781e+02 2.693197631835938e+02 4.884582519531250e+02
