# transform file transforms/talairach.lta
# created by ubuntu on Tue Jan 16 22:44:26 2018

type      = 0 # LINEAR_VOX_TO_VOX
nxforms   = 1
mean      = 125.0000 128.0000 125.0000
sigma     = 10000.0000
1 4 4
9.749752283096313e-01 6.035150215029716e-02 1.303722895681858e-02 -5.709828853607178e+00 
-5.536066740751266e-02 1.034243106842041e+00 2.839230597019196e-01 -3.427392578125000e+01 
4.307562950998545e-03 -2.332051545381546e-01 8.939045071601868e-01 2.858039093017578e+01 
0.000000000000000e+00 0.000000000000000e+00 0.000000000000000e+00 1.000000000000000e+00 
src volume info
valid = 1  # volume info valid
filename = nu.mgz
volume = 256 256 256
voxelsize = 1.000000000000000e+00 1.000000000000000e+00 1.000000000000000e+00
xras   = -1.000000000000000e+00 0.000000000000000e+00 0.000000000000000e+00
yras   = 0.000000000000000e+00 0.000000000000000e+00 -1.000000000000000e+00
zras   = 0.000000000000000e+00 1.000000000000000e+00 0.000000000000000e+00
cras   = 1.876006164550781e+02 2.693197631835938e+02 4.884582519531250e+02
dst volume info
valid = 1  # volume info valid
filename = /usr/local/freesurfer/average/RB_all_2016-05-10.vc700.gca
volume = 256 256 256
voxelsize = 1.000000000000000e+00 1.000000000000000e+00 1.000000000000000e+00
xras   = -1.000000000000000e+00 0.000000000000000e+00 0.000000000000000e+00
yras   = 0.000000000000000e+00 0.000000000000000e+00 -1.000000000000000e+00
zras   = 0.000000000000000e+00 1.000000000000000e+00 0.000000000000000e+00
cras   = 0.000000000000000e+00 0.000000000000000e+00 0.000000000000000e+00
