# transform file /usr/local/freesurfer/subjects/4074/mri/transforms/cc_up.lta
# created by ubuntu on Tue Jan 16 04:46:50 2018

type      = 0 # LINEAR_VOX_TO_VOX
nxforms   = 1
mean      = 128.0000 114.0000 122.0000
sigma     = 10000.0000
1 4 4
9.987629652023315e-01 -4.221881553530693e-02 2.626885846257210e-02 1.517632007598877e+00 
4.220422357320786e-02 9.991083145141602e-01 1.110029988922179e-03 3.357587051391602e+01 
-2.629229985177517e-02 -1.164153218269348e-10 9.996542930603027e-01 1.638878059387207e+01 
0.000000000000000e+00 0.000000000000000e+00 0.000000000000000e+00 1.000000000000000e+00 
src volume info
valid = 1  # volume info valid
filename = /usr/local/freesurfer/subjects/4074/mri/norm.mgz
volume = 256 256 256
voxelsize = 1.000000000000000e+00 1.000000000000000e+00 1.000000000000000e+00
xras   = -1.000000000000000e+00 0.000000000000000e+00 0.000000000000000e+00
yras   = 0.000000000000000e+00 0.000000000000000e+00 -9.999999403953552e-01
zras   = 0.000000000000000e+00 9.999999403953552e-01 0.000000000000000e+00
cras   = 2.249464111328125e+02 2.822902221679688e+02 4.989268188476562e+02
dst volume info
valid = 1  # volume info valid
filename = /usr/local/freesurfer/subjects/4074/mri/norm.mgz
volume = 256 256 256
voxelsize = 1.000000000000000e+00 1.000000000000000e+00 1.000000000000000e+00
xras   = -1.000000000000000e+00 0.000000000000000e+00 0.000000000000000e+00
yras   = 0.000000000000000e+00 0.000000000000000e+00 -9.999999403953552e-01
zras   = 0.000000000000000e+00 9.999999403953552e-01 0.000000000000000e+00
cras   = 2.249464111328125e+02 2.822902221679688e+02 4.989268188476562e+02
